-1
0
1
0
3
0
5
0
7
0
9
0
11
0
13
0
15
0
17
0
19
0
21
0
23
0
25
0
27
0
29
0
31
0
33
0
35
0
37
0
39
0
41
0
43
0
45
0
47
0
49
0
51
0
53
0
55
0
57
0
59
0
61
0
63
0
65
0
67
0
69
0
71
0
73
0
75
0
77
0
79
0
81
0
83
0
85
0
87
0
89
0
91
0
93
0
95
0
97
0
99
0
101
0
103
0
105
0
107
0
109
0
111
0
113
0
115
0
117
0
119
0
121
0
123
0
125
0
127
0
129
0
131
0
133
0
135
0
137
0
139
0
141
0
143
0
145
0
147
0
149
0
151
0
153
0
155
0
157
0
159
0
161
0
163
0
165
0
167
0
169
0
171
0
173
0
175
0
177
0
179
0
181
0
183
0
185
0
187
0
189
0
191
0
193
0
195
0
197
0
199
0
201
0
203
0
205
0
207
0
209
0
211
0
213
0
215
0
217
0
219
0
221
0
223
0
225
0
227
0
229
0
231
0
233
0
235
0
237
0
239
0
241
0
243
0
245
0
247
0
249
0
251
0
253
0
255
0
257
0
259
0
261
0
263
0
265
0
154
1
269
0
271
0
273
0
275
0
266
1
248
1
22
1
282
1
282
1
287
0
289
0
291
0
293
0
206
1
297
0
194
1
301
0
303
0
305
0
206
1
128
1
272
1
313
0
315
0
317
0
319
0
300
9
323
0
325
0
327
0
18
8
331
0
333
0
335
0
337
0
46
8
341
0
343
0
345
0
347
0
349
0
351
0
353
0
355
0
357
0
359
0
361
0
363
0
365
0
367
0
369
0
371
0
373
0
375
0
377
0
379
0
381
0
383
0
385
0
387
0
389
0
391
0
393
0
395
0
397
0
399
0
401
0
403
0
405
0
407
0
354
9
411
0
413
0
415
0
417
0
419
0
314
9
304
9
234
9
427
0
429
0
431
0
433
0
435
0
437
0
439
0
441
0
443
0
445
0
278
9
318
9
451
0
453
0
455
0
457
0
459
0
461
0
463
0
465
0
467
0
469
0
471
0
473
0
475
0
477
0
479
0
481
0
328
9
328
9
487
0
489
0
491
0
493
0
495
0
497
0
418
9
501
0
503
0
505
0
507
0
509
0
511
0
513
0
515
0
517
0
519
0
160
38
523
0
525
0
527
0
529
0
531
0
533
0
535
0
537
0
168
38
541
0
543
0
545
0
547
0
70
38
442
47
232
38
555
0
557
0
559
0
561
0
563
0
136
38
567
0
569
0
571
0
573
0
575
0
577
0
579
0
581
0
583
0
585
0
258
38
589
0
591
0
593
0
150
38
597
0
316
46
601
0
603
0
350
47
607
0
609
0
611
0
613
0
615
0
617
0
619
0
621
0
623
0
625
0
627
0
629
0
631
0
633
0
635
0
637
0
639
0
558
47
643
0
645
0
647
0
649
0
651
0
146
38
224
38
334
38
659
0
212
38
663
0
665
0
667
0
248
38
671
0
673
0
675
0
677
0
679
0
681
0
206
38
685
0
687
0
689
0
691
0
693
0
695
0
697
0
262
38
701
0
542
47
705
0
707
0
709
0
711
0
713
0
715
0
717
0
719
0
721
0
723
0
725
0
727
0
729
0
731
0
733
0
735
0
266
38
739
0
741
0
743
0
745
0
747
0
749
0
751
0
753
0
755
0
757
0
759
0
761
0
763
0
765
0
630
47
769
0
771
0
773
0
775
0
777
0
779
0
781
0
783
0
280
38
787
0
789
0
791
0
793
0
624
47
797
0
799
0
801
0
803
0
805
0
807
0
809
0
811
0
813
0
815
0
817
0
819
0
210
3
300
3
208
3
827
0
829
0
831
0
228
3
835
0
837
0
839
0
180
3
290
3
845
0
192
3
849
0
394
41
853
0
855
0
112
3
318
3
861
0
863
0
865
0
867
0
869
0
606
49
873
0
662
50
877
0
879
0
294
3
883
0
885
0
887
0
889
0
891
0
893
0
895
0
897
0
652
50
901
0
903
0
905
0
907
0
909
0
254
3
332
3
915
0
917
0
919
0
921
0
923
0
925
0
927
0
929
0
931
0
933
0
496
41
937
0
939
0
941
0
668
49
945
0
947
0
949
0
951
0
953
0
955
0
957
0
959
0
961
0
963
0
965
0
967
0
484
41
971
0
973
0
368
3
960
50
979
0
981
0
280
3
985
0
987
0
989
0
991
0
510
41
995
0
997
0
999
0
1001
0
1003
0
1005
0
356
3
806
50
864
50
1013
0
1015
0
650
41
610
41
1021
0
1023
0
876
50
1027
0
244
3
364
3
364
3
516
41
614
41
1039
0
1041
0
1043
0
1045
0
1047
0
1049
0
1051
0
1053
0
1055
0
1057
0
1059
0
1061
0
1063
0
1065
0
672
41
1069
0
1071
0
270
3
1075
0
1077
0
1079
0
1081
0
774
49
594
41
1087
0
1048
50
1091
0
1093
0
1095
0
1097
0
388
3
1101
0
414
3
1105
0
1107
0
1109
0
1111
0
1113
0
1115
0
1117
0
1119
0
1121
0
1062
50
1125
0
1127
0
988
50
1131
0
1133
0
1135
0
1137
0
1139
0
1141
0
1143
0
378
3
1147
0
1149
0
1151
0
1153
0
1155
0
1157
0
1159
0
1161
0
1163
0
1165
0
1167
0
1169
0
1171
0
1173
0
1175
0
1177
0
1179
0
1181
0
1183
0
1185
0
1187
0
912
49
1191
0
1193
0
1176
50
1197
0
558
3
1201
0
1203
0
1205
0
1207
0
1209
0
1211
0
1213
0
1215
0
1217
0
1219
0
1014
50
1223
0
1225
0
1227
0
1229
0
1231
0
1233
0
1235
0
1237
0
1239
0
1241
0
1243
0
1245
0
1247
0
1249
0
1251
0
1253
0
1255
0
1257
0
1259
0
918
41
820
41
832
41
1267
0
1269
0
1271
0
1273
0
1275
0
1277
0
844
41
1281
0
1283
0
1285
0
1287
0
1289
0
1291
0
1293
0
1295
0
1297
0
790
41
1301
0
1303
0
1305
0
1307
0
714
3
1311
0
1313
0
1315
0
1068
50
1319
0
1321
0
1323
0
1325
0
1327
0
1329
0
230
1
1333
0
492
1
426
1
1339
0
1341
0
1343
0
1345
0
748
4
1064
50
1351
0
1353
0
1355
0
1357
0
1359
0
1361
0
1363
0
1365
0
1367
0
1369
0
1371
0
1373
0
554
1
554
1
554
1
554
1
1383
0
1385
0
1387
0
1389
0
1391
0
1393
0
1395
0
538
1
558
1
554
1
1403
0
384
1
992
42
130
1
1411
0
1413
0
1415
0
566
1
1419
0
1334
51
1423
0
544
1
1427
0
1429
0
1431
0
836
4
1435
0
1437
0
1439
0
1441
0
648
4
1445
0
1447
0
1449
0
1451
0
416
1
1455
0
1457
0
1459
0
1461
0
254
1
1465
0
1467
0
1469
0
1471
0
1473
0
1475
0
1477
0
1479
0
392
1
1483
0
450
1
290
1
296
1
476
1
1493
0
758
4
1497
0
1499
0
588
1
1503
0
1505
0
1507
0
1509
0
1511
0
1513
0
508
1
1426
51
1519
0
252
1
1523
0
1525
0
1238
50
1529
0
1531
0
1533
0
1535
0
1537
0
1539
0
800
4
512
1
460
1
1547
0
1549
0
1551
0
560
1
1555
0
1557
0
1559
0
1561
0
1563
0
1565
0
1567
0
1569
0
1571
0
1573
0
1575
0
1577
0
1579
0
1581
0
428
1
1585
0
1587
0
1589
0
1591
0
1593
0
1595
0
1597
0
1599
0
1601
0
1603
0
1605
0
1607
0
1609
0
1611
0
1613
0
1615
0
1617
0
1088
4
1621
0
1074
4
1625
0
1627
0
320
1
1631
0
1633
0
1635
0
1637
0
1639
0
1641
0
1643
0
1645
0
668
1
1649
0
1651
0
1653
0
1655
0
1657
0
386
1
1661
0
1663
0
1665
0
1667
0
1210
42
1671
0
1673
0
1675
0
1024
4
946
4
1681
0
1683
0
1685
0
1687
0
1689
0
974
4
760
1
1695
0
1697
0
1699
0
1701
0
1703
0
1705
0
674
1
902
4
1711
0
514
1
444
1
1717
0
1719
0
398
1
398
1
1725
0
1727
0
354
1
354
1
354
1
354
1
256
1
1739
0
1741
0
1743
0
1745
0
98
1
362
1
1751
0
1753
0
1755
0
396
1
1456
51
1761
0
892
2
464
2
268
1
1769
0
1771
0
1773
0
350
1
1777
0
668
2
1702
52
1783
0
1785
0
1787
0
1789
0
1791
0
458
1
1795
0
1797
0
604
2
1801
0
1803
0
184
1
1807
0
1809
0
1811
0
1813
0
1815
0
340
1
1819
0
1821
0
1823
0
1825
0
1812
52
396
1
1831
0
1833
0
1835
0
130
1
1839
0
1256
5
1843
0
1845
0
1847
0
1849
0
400
1
1853
0
1855
0
1857
0
596
2
1861
0
1742
52
1865
0
1867
0
1869
0
1871
0
1873
0
1875
0
476
1
1879
0
172
1
1883
0
1885
0
892
2
1889
0
376
1
1146
5
1895
0
1897
0
874
2
358
1
628
2
418
1
1907
0
1909
0
410
1
1913
0
1915
0
1144
5
1044
2
314
1
432
1
384
1
1927
0
1929
0
1931
0
1174
5
1768
52
1937
0
1939
0
1941
0
1943
0
1945
0
1947
0
1949
0
1951
0
1953
0
1955
0
1957
0
1959
0
1961
0
1963
0
1965
0
330
1
1969
0
960
2
1006
2
264
1
524
1
1979
0
1981
0
1983
0
578
1
1987
0
1989
0
1991
0
1993
0
1995
0
1997
0
1999
0
2001
0
2003
0
2005
0
2007
0
1366
5
612
1
2013
0
2015
0
2017
0
2019
0
2021
0
2014
52
2025
0
2027
0
2029
0
412
1
2033
0
2035
0
552
1
2039
0
414
1
2043
0
2045
0
2047
0
2049
0
330
1
330
1
2055
0
2057
0
2059
0
2061
0
1822
53
1826
53
2067
0
170
1
2071
0
2073
0
2075
0
2077
0
2079
0
2081
0
452
2
292
1
2087
0
1350
6
1022
3
2093
0
1296
6
322
1
2042
53
2101
0
1428
6
2070
53
982
3
184
1
1250
3
2113
0
2115
0
950
3
2119
0
2121
0
2123
0
2125
0
2127
0
2129
0
2131
0
1900
53
2135
0
2137
0
568
2
1250
3
1174
3
136
1
2147
0
2149
0
2151
0
2153
0
1840
44
2157
0
240
1
2161
0
202
1
2165
0
1150
3
402
1
2171
0
1854
44
2175
0
2177
0
2179
0
2181
0
2183
0
2185
0
1906
52
2189
0
2191
0
380
1
2195
0
2197
0
2199
0
884
3
2203
0
2205
0
2207
0
2209
0
2211
0
2213
0
2215
0
2217
0
2219
0
338
1
962
3
2225
0
2227
0
2229
0
1854
44
2233
0
2235
0
2237
0
2239
0
2241
0
2243
0
2245
0
2247
0
916
2
2251
0
424
1
2255
0
2257
0
2259
0
2261
0
376
1
2265
0
2267
0
348
1
2271
0
588
2
1436
3
2277
0
2279
0
2281
0
1386
3
2285
0
490
1
2289
0
2291
0
2293
0
2295
0
2297
0
2299
0
2301
0
750
2
676
2
2307
0
1836
44
2311
0
2313
0
706
2
1342
3
2144
53
2321
0
2323
0
2325
0
658
2
2329
0
2331
0
784
2
2335
0
422
1
2339
0
2341
0
2343
0
1496
3
2347
0
2349
0
2351
0
2353
0
2355
0
2357
0
2359
0
2361
0
2363
0
2254
53
2367
0
2369
0
2371
0
2034
44
2375
0
960
2
2379
0
2381
0
706
2
1924
44
2387
0
2389
0
2391
0
2393
0
2395
0
774
2
2399
0
2401
0
2403
0
1878
6
2076
44
2409
0
2094
44
1076
2
2410
53
2417
0
1088
3
158
1
338
1
12
1
1088
3
2429
0
26
1
1086
3
2435
0
1934
45
1296
4
1296
4
2443
0
714
2
1638
7
262
1
1080
3
1080
3
2455
0
46
1
730
2
728
2
728
2
2465
0
590
2
2136
45
2471
0
1000
3
2475
0
510
2
2479
0
2481
0
1534
4
2485
0
182
1
2374
54
568
2
396
1
518
2
2497
0
1522
4
2501
0
2360
54
2505
0
124
1
164
1
1824
7
164
1
2515
0
480
2
1330
4
2521
0
472
2
472
2
2527
0
2529
0
62
1
2533
0
2535
0
2537
0
744
3
1438
5
120
1
746
3
84
1
130
1
302
2
128
1
134
1
2557
0
2559
0
2014
8
46
1
2565
0
2567
0
2569
0
2571
0
1164
4
2575
0
2170
46
108
1
1744
5
2583
0
2585
0
2542
55
2589
0
1988
8
134
1
2595
0
136
1
2599
0
1928
8
2416
55
2605
0
2607
0
116
1
1602
5
2613
0
2615
0
2617
0
2619
0
2621
0
2623
0
2625
0
2627
0
2629
0
378
2
2633
0
2635
0
142
1
780
3
1684
5
2516
55
2645
0
2647
0
1006
4
2651
0
1930
8
500
2
1764
5
2659
0
2661
0
344
2
2665
0
2667
0
2669
0
2671
0
2673
0
2675
0
2677
0
2679
0
2681
0
2683
0
2685
0
2687
0
1552
5
1278
4
2693
0
2695
0
2697
0
2699
0
2701
0
2703
0
2705
0
2707
0
730
3
538
2
2713
0
266
1
2717
0
2719
0
2721
0
2723
0
782
3
2727
0
2729
0
2731
0
2733
0
2468
54
2737
0
2739
0
838
3
2743
0
2745
0
1000
3
1882
5
2751
0
2753
0
2755
0
2757
0
2759
0
2761
0
2763
0
2765
0
2767
0
774
3
2771
0
2773
0
2775
0
2777
0
1536
5
2781
0
2783
0
2785
0
2787
0
2789
0
2791
0
2793
0
2795
0
314
1
2799
0
1106
4
2803
0
2805
0
2807
0
2809
0
2811
0
2813
0
2815
0
2817
0
2819
0
1700
5
1306
4
2740
55
2827
0
670
2
2831
0
2833
0
754
2
346
1
688
2
2841
0
2843
0
1728
5
2847
0
2849
0
2851
0
2853
0
2730
55
2857
0
2859
0
1888
5
486
2
2865
0
2867
0
2869
0
2871
0
2873
0
2875
0
2877
0
2879
0
2881
0
2883
0
1422
4
1304
4
2889
0
2891
0
908
3
2895
0
2897
0
2899
0
2901
0
2903
0
2905
0
2094
8
434
1
2911
0
2913
0
2915
0
2917
0
430
1
2921
0
404
1
1144
3
2927
0
1992
5
2931
0
1164
3
2935
0
2937
0
2939
0
556
2
2943
0
2945
0
2947
0
2949
0
2951
0
2953
0
2955
0
2957
0
2959
0
2961
0
590
2
2965
0
2967
0
2969
0
2971
0
2973
0
2975
0
2977
0
2979
0
2981
0
2983
0
1144
3
2987
0
1826
5
2991
0
694
2
2264
8
2997
0
2704
54
1096
3
2704
54
1034
3
3007
0
2290
8
3011
0
3013
0
3015
0
3017
0
3019
0
3021
0
3023
0
2794
55
3027
0
3029
0
3031
0
3033
0
3035
0
898
2
1868
5
3041
0
1370
4
522
1
3047
0
2470
8
3051
0
3053
0
3055
0
3057
0
1662
4
3061
0
3063
0
3065
0
3067
0
3069
0
3071
0
3073
0
1798
5
1892
5
1914
5
3081
0
1152
3
1370
4
2272
8
2590
46
3091
0
3093
0
2040
5
3097
0
2744
46
3101
0
3103
0
3105
0
3107
0
3109
0
3111
0
3113
0
3115
0
2388
8
1774
4
3121
0
1586
4
3125
0
3127
0
3129
0
3131
0
3133
0
3135
0
3137
0
3139
0
3141
0
600
1
3145
0
3147
0
3149
0
598
1
560
1
3155
0
3157
0
562
1
3161
0
3163
0
3165
0
2654
47
3169
0
3171
0
518
1
3175
0
3177
0
578
1
3181
0
3183
0
3185
0
72
1
1298
4
3191
0
1292
4
3195
0
3197
0
3199
0
1600
5
594
1
594
1
128
1
3209
0
2118
6
3213
0
3098
56
3217
0
1798
5
530
1
458
1
2050
6
3227
0
1112
3
1946
6
160
1
3235
0
3237
0
2258
6
3241
0
400
1
3245
0
3247
0
3249
0
3251
0
3253
0
2300
6
174
1
174
1
3261
0
3263
0
412
1
520
1
2856
47
736
1
2320
6
366
1
3277
0
642
1
3281
0
444
1
3285
0
3287
0
3289
0
3291
0
790
2
554
1
3297
0
3299
0
3301
0
3303
0
442
1
3307
0
3309
0
3311
0
254
1
3315
0
2110
6
3319
0
3321
0
742
1
3325
0
3327
0
1220
3
1244
3
3333
0
512
1
3337
0
3339
0
286
1
3314
56
3345
0
3347
0
3349
0
3351
0
1988
5
2554
9
3357
0
874
2
1120
3
750
1
3365
0
3367
0
3369
0
3371
0
1600
4
3375
0
3377
0
3379
0
2116
6
3383
0
3385
0
3387
0
2636
9
3391
0
3393
0
928
2
806
1
1266
3
3401
0
3168
56
3405
0
3407
0
1242
3
3411
0
490
1
3415
0
3417
0
3419
0
3421
0
3423
0
3330
56
3427
0
3429
0
392
1
2328
6
3435
0
3437
0
866
1
3441
0
3443
0
3445
0
658
1
714
1
602
1
3453
0
578
1
630
1
3459
0
3461
0
662
1
3465
0
3467
0
3469
0
3471
0
886
1
3475
0
3477
0
3479
0
552
1
714
1
552
1
3487
0
3489
0
3491
0
510
1
510
1
1394
3
370
1
510
1
3503
0
504
1
878
1
404
1
3511
0
426
1
490
1
482
1
3519
0
3521
0
1746
4
940
1
3527
0
716
1
512
1
510
1
542
1
3537
0
508
1
1384
3
548
1
548
1
548
1
546
1
3551
0
3476
56
3555
0
3557
0
550
1
550
1
3563
0
560
1
538
1
552
1
852
1
3573
0
562
1
3577
0
1348
3
3581
0
3583
0
1802
4
922
1
950
1
478
1
836
1
3595
0
476
1
3336
55
574
1
3603
0
3605
0
3607
0
628
1
3611
0
3613
0
3615
0
3592
56
3619
0
3621
0
3623
0
3625
0
3627
0
3629
0
3631
0
3633
0
3635
0
3637
0
1758
4
664
1
3643
0
872
1
510
1
3649
0
508
2
3653
0
494
2
504
2
426
2
3661
0
504
2
3665
0
3667
0
3669
0
3671
0
3673
0
176
2
90
2
3679
0
1228
4
510
2
3685
0
3687
0
3689
0
472
2
808
3
3695
0
392
2
3699
0
3701
0
500
2
392
2
3707
0
3709
0
3711
0
354
2
3715
0
3717
0
440
2
3721
0
528
2
3725
0
3727
0
3729
0
3731
0
2818
8
2264
7
3737
0
3739
0
2674
8
892
3
2044
7
3747
0
3749
0
3751
0
374
2
496
2
376
2
3759
0
3761
0
958
3
3765
0
3280
49
1890
6
316
2
3773
0
3775
0
3777
0
3779
0
2068
7
370
2
3785
0
3787
0
3789
0
396
2
566
2
3795
0
3797
0
3498
57
612
2
2626
8
3805
0
3807
0
2846
8
1364
4
988
3
3815
0
3817
0
536
2
3821
0
458
2
458
2
3827
0
3829
0
638
2
3833
0
2076
6
476
2
3250
11
1320
4
3843
0
908
3
3847
0
486
2
3851
0
3853
0
3855
0
3857
0
3859
0
3861
0
3863
0
1046
3
3867
0
3869
0
3871
0
3873
0
362
2
1068
3
3879
0
3881
0
3883
0
3885
0
3887
0
468
2
1124
3
410
2
1124
3
3897
0
3899
0
254
2
3903
0
3905
0
774
3
3909
0
3911
0
3913
0
3915
0
3917
0
3919
0
280
2
3923
0
1376
4
1372
4
278
1
780
3
1506
5
3935
0
2594
8
820
4
3941
0
1688
6
2596
8
3947
0
3949
0
3951
0
3953
0
1224
4
3957
0
510
3
3404
12
222
1
1520
5
156
1
1418
4
1520
5
292
1
3975
0
1520
5
322
1
318
1
1436
4
266
1
1170
4
2152
7
3892
59
3993
0
3995
0
716
3
3999
0
2252
7
2618
8
4005
0
1636
6
4009
0
220
1
4013
0
4015
0
4017
0
2498
8
4021
0
320
1
1394
4
1450
4
4029
0
2716
9
3264
12
4035
0
4037
0
828
3
4041
0
3674
50
334
1
1158
4
4049
0
4051
0
4053
0
4055
0
3878
59
4059
0
3670
50
2298
7
2054
7
2132
7
4069
0
4071
0
3348
12
4075
0
738
3
4079
0
1386
4
4083
0
2782
9
4087
0
4089
0
4091
0
4093
0
2684
8
2578
8
4099
0
4101
0
264
1
4105
0
4107
0
4109
0
2996
9
608
3
3888
59
894
3
4119
0
3554
12
4123
0
4125
0
784
3
4129
0
4131
0
4133
0
4135
0
4137
0
3834
58
2398
7
1156
4
4145
0
4147
0
4149
0
4151
0
896
3
660
3
1680
5
4159
0
3996
59
2458
8
372
1
1514
4
984
3
4171
0
2678
8
2482
8
4177
0
1530
4
2178
7
382
1
3004
9
4187
0
662
3
4191
0
4193
0
364
1
4197
0
1638
4
4201
0
726
3
4205
0
4207
0
4209
0
4211
0
318
1
2240
7
4217
0
4219
0
4221
0
634
3
4225
0
4227
0
4229
0
2670
8
574
1
4010
59
1222
4
1732
5
3202
9
4243
0
2598
8
4247
0
3198
9
2462
7
2900
8
1946
6
1622
4
4259
0
1698
4
588
1
2138
6
894
3
2394
7
706
3
4273
0
2378
7
3612
12
4279
0
4281
0
4283
0
1760
5
4287
0
4289
0
4291
0
4293
0
366
1
4297
0
1152
4
4301
0
372
1
326
1
1152
4
1152
4
330
1
658
2
4315
0
1358
5
4319
0
638
2
4323
0
142
1
132
1
1962
7
346
1
274
1
638
2
4337
0
1160
4
142
1
268
1
4345
0
4347
0
4349
0
516
2
4353
0
972
4
334
1
4359
0
436
1
1652
5
1020
4
106
1
4369
0
4371
0
4373
0
364
1
4377
0
610
2
4381
0
4383
0
4385
0
1166
4
4389
0
4016
51
4393
0
612
2
3192
10
410
1
4401
0
4403
0
4405
0
4407
0
1020
4
640
2
1452
5
1118
4
4417
0
1638
5
2966
9
190
1
4425
0
3678
13
4429
0
612
2
4433
0
4435
0
562
2
976
4
4441
0
4443
0
4188
60
4447
0
900
4
1116
4
554
2
2538
8
4457
0
786
2
1004
4
4463
0
4465
0
4467
0
4469
0
306
1
486
1
4475
0
1648
5
4479
0
3256
10
1306
4
382
1
4487
0
4489
0
4491
0
1040
4
988
4
4497
0
2840
9
4501
0
3444
10
814
2
262
1
4509
0
4511
0
4513
0
782
2
4517
0
474
1
808
2
560
1
4525
0
4527
0
3020
9
2044
6
1318
4
4535
0
4537
0
4539
0
1126
4
276
1
4545
0
4547
0
4549
0
294
1
2742
8
4555
0
4557
0
4559
0
4561
0
1938
5
4565
0
1842
5
2852
9
4571
0
4573
0
4575
0
4577
0
3530
10
4016
13
4583
0
1146
4
4587
0
4589
0
4591
0
1392
4
4595
0
4597
0
4599
0
1286
4
2760
8
4605
0
1394
4
4609
0
1566
5
1748
5
2748
8
4617
0
4619
0
430
1
4623
0
4625
0
1824
5
2486
7
4631
0
1772
5
4635
0
4637
0
4639
0
4641
0
950
2
3674
10
4647
0
4649
0
4651
0
4653
0
4655
0
952
2
4659
0
4661
0
4663
0
1184
4
774
2
1184
4
4671
0
1180
4
520
1
2578
7
1190
4
1190
4
1478
4
1558
5
424
1
1188
4
4691
0
4693
0
4695
0
4697
0
1164
4
4701
0
1950
5
4705
0
844
2
4709
0
4711
0
4713
0
4715
0
4717
0
722
1
1646
5
4723
0
1216
4
610
1
4729
0
2088
5
1876
5
846
2
3604
10
3566
10
4741
0
4743
0
1200
4
512
1
478
1
2424
7
4753
0
642
1
1206
4
1202
4
1206
4
4763
0
2760
8
4767
0
4769
0
4771
0
1740
5
994
2
4777
0
4779
0
4781
0
1230
4
1226
4
4787
0
1246
4
4791
0
820
1
1220
4
1264
4
1284
4
1262
4
1236
4
1302
4
3804
10
4809
0
1282
4
1282
4
3078
8
638
1
1302
4
4821
0
4823
0
1252
4
1806
5
1228
4
1490
4
1272
4
3652
10
1794
5
4839
0
1770
5
4843
0
702
1
2740
7
2100
5
4851
0
1520
4
4855
0
4857
0
4859
0
1766
5
1762
5
4865
0
1498
4
1408
4
4871
0
1178
2
4875
0
1836
5
1576
4
3980
10
2816
7
1558
4
4887
0
4889
0
1616
4
1462
4
1802
5
4897
0
4899
0
4901
0
842
1
1004
2
2180
5
4909
0
4911
0
3230
9
4915
0
4917
0
1350
4
4921
0
1594
4
4925
0
4927
0
1872
5
2120
5
4933
0
4935
0
3408
9
4939
0
1348
4
1098
2
4945
0
4082
10
4949
0
4951
0
4953
0
4955
0
4957
0
1752
4
1630
4
2224
5
4965
0
1444
4
4969
0
2688
7
4973
0
4975
0
1268
2
2290
5
4981
0
1306
2
4985
0
1402
4
766
1
4991
0
1054
1
1476
4
4997
0
3360
9
830
1
1246
2
2150
5
5007
0
5009
0
5011
0
1418
4
5015
0
5017
0
1408
4
5021
0
5023
0
1672
4
5027
0
5029
0
5031
0
5033
0
5035
0
5037
0
3260
8
5041
0
830
1
1138
2
5047
0
688
1
1082
2
758
1
752
1
1124
2
5059
0
1124
2
70
1
2748
8
2634
7
1124
2
5071
0
5073
0
4806
60
3694
10
4402
14
5081
0
778
1
1120
2
776
1
1106
2
5091
0
3600
10
124
1
978
2
978
2
3696
10
2934
8
5105
0
5107
0
834
2
1988
6
940
2
1642
5
1140
2
5119
0
764
1
156
1
86
1
1166
2
4284
11
5131
0
5133
0
5135
0
150
1
1642
5
1104
2
5143
0
2526
6
2444
6
2604
6
5151
0
5153
0
830
1
3966
11
5159
0
5161
0
5163
0
5165
0
5167
0
340
1
5171
0
5173
0
4512
14
3224
9
3480
10
1156
2
5183
0
5185
0
860
1
790
1
516
1
818
1
1550
5
5197
0
2366
6
212
1
5203
0
674
1
3398
9
5209
0
2972
8
5213
0
5215
0
5217
0
888
1
5221
0
4772
52
5225
0
5227
0
5229
0
5231
0
778
1
3272
9
5237
0
5239
0
5241
0
4032
11
5245
0
5247
0
3504
9
434
1
1844
5
1192
2
3760
10
5259
0
5261
0
5263
0
5265
0
5267
0
2662
6
5094
61
2832
7
5275
0
1330
2
5279
0
5281
0
5283
0
5285
0
726
1
1968
5
5291
0
5293
0
5295
0
5297
0
5299
0
3080
8
5303
0
5305
0
5307
0
5309
0
3312
9
3754
10
5315
0
5317
0
5319
0
5321
0
1038
2
5325
0
5327
0
3436
10
662
2
5333
0
5335
0
238
1
3454
10
5341
0
3854
11
224
1
1108
3
144
1
428
2
5353
0
934
2
84
1
5359
0
5361
0
5363
0
1988
6
2666
7
5369
0
1196
3
320
1
142
1
5377
0
5379
0
3362
10
5383
0
5385
0
5387
0
5389
0
1432
3
5393
0
5395
0
648
2
5399
0
2508
7
2292
7
5405
0
3716
11
190
1
5411
0
5413
0
5415
0
3312
9
1606
4
5421
0
5423
0
5425
0
5427
0
176
1
5431
0
982
2
5435
0
1970
6
2514
7
5441
0
1830
6
1758
4
970
2
3190
9
2204
6
560
2
2188
6
5457
0
3364
9
5461
0
780
2
5465
0
290
1
3218
9
4442
12
5473
0
372
1
190
1
3934
11
538
2
3104
9
5352
62
5487
0
5489
0
302
1
378
1
3930
11
4362
12
1258
3
754
2
5503
0
5505
0
5507
0
4262
12
5511
0
3278
9
5515
0
5517
0
5519
0
1512
3
768
2
5525
0
5527
0
830
2
5531
0
5474
62
5535
0
5537
0
1412
3
5541
0
5543
0
4102
11
5547
0
5549
0
3052
8
5553
0
1392
3
1096
2
738
2
5561
0
490
1
5565
0
5567
0
2532
7
1316
3
5573
0
3036
7
5577
0
1468
3
5581
0
5583
0
5585
0
5587
0
5589
0
934
2
1886
4
1096
2
5597
0
2942
7
5601
0
5603
0
1002
2
1550
3
5609
0
4876
15
3926
11
4492
12
5617
0
770
2
5621
0
5623
0
324
1
1158
2
2342
6
5631
0
3880
10
5635
0
5637
0
5639
0
5641
0
2022
6
2464
6
5647
0
5649
0
1154
2
5653
0
3304
9
5657
0
412
1
5661
0
5663
0
5665
0
5667
0
5669
0
3256
9
3308
9
5675
0
5677
0
2154
6
5681
0
482
1
5685
0
5687
0
5689
0
5691
0
5693
0
892
2
5697
0
5699
0
5701
0
620
1
5705
0
5707
0
622
1
456
1
3624
9
5715
0
5717
0
5719
0
672
1
5560
62
5725
0
4102
11
5729
0
5731
0
5733
0
5735
0
1402
2
1062
2
5741
0
5743
0
5745
0
5747
0
5749
0
1824
3
5753
0
864
2
2216
6
5759
0
5761
0
5763
0
3696
9
5767
0
5769
0
1020
2
5773
0
5775
0
4114
11
5779
0
558
1
5098
15
1520
3
5787
0
1724
3
3672
9
1802
3
682
1
5082
15
4642
12
1858
3
5803
0
4282
11
5807
0
5809
0
3666
9
3748
9
5815
0
4944
12
1268
2
5821
0
5823
0
5444
53
668
1
5829
0
4592
12
4806
12
3742
9
5837
0
5839
0
5841
0
734
1
5845
0
5847
0
1004
2
5851
0
1430
2
5855
0
5658
62
5859
0
5861
0
5863
0
1398
2
5646
62
1086
2
5871
0
4860
12
5875
0
3496
9
5166
15
5881
0
5883
0
1564
3
4672
13
4672
13
1076
3
5893
0
646
2
524
1
178
1
1600
3
848
2
816
2
5907
0
3112
8
174
1
506
1
1286
3
5917
0
5919
0
2844
8
5923
0
776
2
582
1
5929
0
5931
0
4566
12
5935
0
942
3
1360
3
846
2
5943
0
5945
0
5947
0
1478
3
5951
0
5736
63
2496
7
5957
0
5096
13
2486
7
112
1
5965
0
5967
0
70
1
220
2
76
1
72
1
920
3
5979
0
920
3
920
3
3984
12
186
2
920
3
5991
0
5993
0
5995
0
3896
11
5999
0
1068
4
1090
4
6005
0
6007
0
2060
5
6011
0
3206
9
930
3
2050
5
3304
9
2050
5
1230
4
908
3
324
2
320
2
126
1
6033
0
6035
0
6037
0
154
1
6041
0
1378
4
6045
0
5846
64
2812
8
6051
0
6053
0
6055
0
6057
0
6059
0
3398
9
6063
0
6065
0
5438
17
6069
0
1918
5
182
1
6075
0
1172
4
6079
0
6081
0
2192
6
174
1
6087
0
6089
0
118
1
6093
0
1796
5
126
1
124
1
6101
0
1790
5
6105
0
6107
0
82
1
2564
9
1664
5
86
1
1776
5
1780
5
6098
65
6123
0
5586
18
2032
6
1742
5
1752
5
1774
5
1924
6
210
2
1774
5
1194
5
1164
5
5354
18
1796
5
6149
0
3408
10
796
3
6155
0
888
4
6159
0
6161
0
6163
0
80
1
116
1
6169
0
6171
0
6173
0
3112
10
1562
5
6179
0
1344
5
750
3
1702
5
392
3
1164
5
6191
0
842
3
704
3
806
3
2844
9
5804
56
6203
0
6205
0
798
3
6209
0
6211
0
6213
0
2818
9
1240
5
6219
0
6221
0
6223
0
6225
0
6227
0
6229
0
708
3
1296
5
6235
0
6237
0
6239
0
1144
4
454
3
2810
9
6247
0
6202
65
4210
13
6253
0
6255
0
5830
56
6259
0
2890
9
410
3
1434
5
1624
5
6269
0
6271
0
1788
5
746
3
2844
9
628
3
1870
5
6283
0
1666
5
6287
0
2468
7
6291
0
5776
56
6295
0
3032
9
1714
5
6301
0
6303
0
6305
0
5250
15
6309
0
6311
0
836
3
940
3
1512
5
724
3
1740
5
6323
0
6325
0
6327
0
6329
0
260
1
6333
0
6335
0
2020
5
3222
10
3422
10
6343
0
6345
0
1998
5
1886
5
1768
5
1824
5
902
3
6357
0
6359
0
6361
0
6363
0
5532
15
1858
5
1854
5
6371
0
6373
0
6375
0
3938
11
6379
0
6381
0
1826
5
6385
0
1510
5
1826
5
6391
0
6393
0
1820
5
448
2
1052
3
6401
0
966
3
5184
15
6407
0
2568
7
2562
7
6413
0
1652
5
2024
5
1596
5
1646
5
5172
15
6425
0
6427
0
6429
0
6431
0
6433
0
4650
13
2040
5
6439
0
6441
0
374
1
1598
5
3000
9
6449
0
6451
0
6453
0
442
1
6457
0
6320
65
6461
0
6074
56
6465
0
6467
0
1024
3
2638
7
6473
0
6475
0
1604
5
1006
3
6481
0
6483
0
6485
0
4540
13
6489
0
6491
0
2130
5
6495
0
6497
0
6499
0
6501
0
6503
0
6505
0
6507
0
6509
0
1790
5
6513
0
6515
0
3612
10
6519
0
6521
0
1504
5
486
1
484
1
3582
10
6531
0
6533
0
6535
0
6537
0
6539
0
6541
0
6543
0
2624
7
6547
0
2096
5
3952
10
5736
18
1510
5
6557
0
482
1
6561
0
6563
0
510
2
6567
0
1376
5
2090
6
176
1
484
1
6577
0
390
1
1042
4
1532
5
1518
5
598
2
6589
0
16
1
6593
0
500
2
500
2
500
2
500
2
500
2
6605
0
6607
0
484
2
464
2
5628
17
160
2
1990
7
6156
58
6621
0
6623
0
6625
0
2196
7
6629
0
6631
0
6633
0
634
3
2242
7
6639
0
1338
6
6643
0
218
2
6647
0
2834
9
3836
12
516
2
6655
0
398
2
494
2
550
2
6663
0
2910
9
1312
5
556
2
476
2
6673
0
6675
0
98
1
6679
0
6681
0
1950
7
734
4
1268
5
424
2
6691
0
6693
0
6695
0
2030
7
126
1
6701
0
6703
0
5118
16
464
2
2328
7
2218
7
6713
0
418
2
2278
7
6719
0
408
2
408
2
6725
0
472
2
5576
17
810
4
6733
0
474
2
6737
0
2922
9
474
2
1740
7
618
2
616
2
6749
0
6751
0
480
2
474
2
410
2
6759
0
2348
7
786
3
6765
0
532
2
366
2
642
2
628
2
6775
0
6777
0
6779
0
744
3
394
2
6785
0
624
2
526
2
2170
7
6793
0
1864
7
6797
0
2256
7
418
2
356
2
696
2
692
2
6809
0
2278
7
606
2
618
2
6817
0
520
2
6821
0
6823
0
6825
0
6827
0
6829
0
6831
0
2376
7
6835
0
3584
11
6839
0
6841
0
6843
0
6845
0
1322
5
6849
0
3786
12
6853
0
6855
0
6857
0
3108
9
3036
9
6863
0
6865
0
692
2
4646
14
6871
0
6873
0
1354
5
2476
7
3454
11
2340
7
6883
0
6885
0
5054
15
6889
0
6891
0
6893
0
1168
5
1456
5
372
2
1570
5
6903
0
4106
12
482
2
6909
0
862
3
656
2
6915
0
6917
0
6919
0
6338
20
2054
7
3162
9
6927
0
6929
0
564
2
3086
9
3182
9
6937
0
442
2
6941
0
3670
11
3668
11
504
2
6949
0
736
2
6096
17
6955
0
3638
11
2188
7
6961
0
594
2
6965
0
1454
5
2464
7
2354
7
6973
0
1346
5
1418
5
1038
4
6981
0
454
2
462
2
462
2
6702
66
6991
0
6993
0
6995
0
6997
0
454
2
7001
0
454
2
454
2
454
2
7009
0
456
2
7013
0
456
2
5888
18
7019
0
7021
0
7023
0
7025
0
436
1
1700
6
7031
0
7033
0
1232
6
7037
0
7039
0
7041
0
7043
0
392
1
7047
0
7049
0
1544
6
7053
0
7055
0
7057
0
7059
0
1820
7
1710
6
3754
12
1824
7
2262
8
1916
7
7073
0
7075
0
1890
7
7079
0
3014
9
7083
0
1656
6
7087
0
3864
12
6518
21
7093
0
944
3
7097
0
7099
0
7101
0
2816
9
7105
0
2594
8
296
1
2890
9
7113
0
7115
0
312
1
7119
0
7121
0
316
1
7125
0
1646
6
2444
8
7131
0
7133
0
7135
0
7137
0
2954
9
7141
0
7143
0
118
1
7147
0
7149
0
7151
0
7153
0
7155
0
4880
16
7159
0
4648
15
1142
5
578
3
7167
0
2250
9
7171
0
6554
22
2268
9
506
2
3022
10
136
1
74
1
7185
0
6676
60
1478
7
2010
8
486
2
78
1
1622
7
922
4
1276
6
80
1
2364
9
220
2
7209
0
7211
0
7213
0
7215
0
7217
0
7219
0
1236
5
7223
0
7225
0
7227
0
7230
69
7231
0
7233
0
6350
19
7237
0
7239
0
328
2
2114
8
5334
17
588
2
1810
7
2372
9
6252
19
5750
18
2256
9
490
2
7261
0
3826
13
6710
22
7267
0
4996
16
702
3
2078
8
552
2
6128
19
7279
0
1298
5
1344
6
7285
0
7287
0
686
3
96
1
504
3
3634
12
94
1
7299
0
7301
0
586
3
7305
0
236
2
232
2
1192
5
1196
5
1496
8
2358
10
7319
0
750
4
6260
20
7325
0
710
3
184
1
3630
12
524
3
708
3
6284
20
7339
0
7341
0
5898
19
7345
0
166
1
1132
5
7351
0
7353
0
7355
0
7357
0
722
3
178
1
6298
20
2958
10
3558
12
1812
8
7371
0
7373
0
7375
0
124
1
1746
8
910
5
7383
0
114
1
642
3
618
3
644
3
594
3
7395
0
910
5
7399
0
7401
0
6356
20
7405
0
1246
5
784
3
1948
8
456
3
470
3
7417
0
480
3
7421
0
2506
10
7425
0
7427
0
668
3
7431
0
1796
8
924
5
7437
0
1190
5
1190
5
536
3
7445
0
7447
0
4156
14
7451
0
7453
0
7455
0
280
1
926
5
7461
0
1000
5
766
3
1118
5
1330
5
1050
5
1290
5
1606
8
7477
0
594
3
7481
0
4638
15
7418
70
2276
9
1080
5
1686
8
6638
20
7495
0
7497
0
2898
10
7501
0
7503
0
684
3
1442
6
7509
0
692
3
7513
0
6248
20
714
3
3000
10
3000
10
2152
8
4294
14
280
1
6524
20
7531
0
6698
20
6632
20
6632
20
7539
0
1128
5
7543
0
304
1
666
3
3776
12
6296
20
384
1
7458
70
1120
5
7559
0
7561
0
3128
10
4634
15
3336
11
700
3
746
3
1684
7
490
2
4166
14
7579
0
4116
14
7583
0
7585
0
3852
12
482
2
7591
0
7593
0
7595
0
4358
14
2952
10
702
3
906
3
1420
5
706
3
7609
0
608
3
598
3
3712
12
3712
12
412
1
610
3
7623
0
7625
0
7627
0
7629
0
1278
5
1296
5
946
3
7637
0
640
3
7641
0
7643
0
2244
9
7647
0
924
4
776
4
3610
12
7655
0
7657
0
2114
9
4780
16
7663
0
6506
21
320
1
7669
0
856
4
2276
9
1434
6
7677
0
7474
71
7681
0
3656
12
7685
0
7687
0
70
1
7691
0
210
1
7695
0
934
4
2574
10
7344
62
7344
62
7705
0
378
2
7709
0
420
2
7713
0
418
2
7717
0
5608
19
7721
0
1104
5
7725
0
1832
9
3362
12
7731
0
7733
0
2998
12
1822
9
7739
0
58
1
76
1
384
2
7747
0
222
2
294
2
2854
12
7755
0
3816
13
7564
72
7564
72
5232
17
982
5
7767
0
7769
0
5290
18
7773
0
1070
5
2978
12
7779
0
7781
0
2106
10
1554
7
5208
17
3028
12
1312
7
6722
22
7795
0
7797
0
6864
22
7801
0
7314
63
842
5
5944
20
1126
5
7811
0
5242
17
540
3
7817
0
3042
12
7821
0
7823
0
7825
0
1334
7
2278
10
1678
7
7082
25
642
3
1506
7
2746
11
1854
8
1502
7
186
1
7847
0
7849
0
662
3
2596
11
2380
10
446
2
2376
10
1506
7
1506
7
928
5
246
2
180
1
7871
0
2418
10
1108
5
960
5
7572
71
7881
0
1914
9
1288
6
180
1
1290
6
194
2
7893
0
5464
19
5184
18
58
1
7901
0
652
4
3040
13
3172
13
7909
0
7911
0
82
1
716
4
48
1
7919
0
1906
9
1906
9
1342
7
764
4
1906
9
7112
23
222
1
220
1
1906
9
6576
22
998
6
7943
0
7945
0
5296
18
6802
23
160
1
98
1
5246
18
7774
73
7959
0
2466
11
7032
23
3084
13
3652
13
7969
0
2264
11
5576
20
796
4
234
1
7979
0
1244
6
2338
11
7985
0
3770
14
1020
6
7991
0
7993
0
3744
14
7997
0
7999
0
2660
11
802
4
8005
0
8007
0
624
3
8011
0
2528
11
8015
0
2486
11
6774
23
8021
0
8023
0
150
1
7330
26
558
3
8031
0
8033
0
200
1
292
1
8039
0
290
1
8043
0
8045
0
3042
13
3188
13
8051
0
224
1
8055
0
3972
14
8059
0
2790
12
8063
0
5804
20
6854
23
8069
0
8071
0
3262
13
652
3
1098
6
5794
20
5990
20
8083
0
3230
13
250
1
8089
0
8091
0
8093
0
3462
13
8097
0
8099
0
8101
0
284
1
8105
0
5670
19
8109
0
358
1
8113
0
2112
9
6914
23
7036
23
8121
0
8123
0
3618
13
7140
23
8129
0
8131
0
4810
17
3268
13
286
1
8139
0
8141
0
8143
0
8145
0
2798
11
1956
8
8151
0
6548
22
3260
13
492
2
8159
0
7262
23
2480
11
8165
0
2010
8
1652
8
2400
11
2602
11
4706
17
8177
0
3354
13
2844
11
684
3
3712
13
7196
23
8189
0
7012
23
3330
13
8195
0
1584
6
8199
0
980
4
1268
6
8205
0
2242
10
8209
0
4044
14
8213
0
4194
14
432
1
2530
11
8221
0
2724
11
1186
5
1256
6
554
2
8231
0
504
1
2404
11
510
1
8239
0
5928
20
7788
64
2752
11
1050
4
868
3
8251
0
1150
5
8255
0
374
1
374
1
374
1
374
1
374
1
8267
0
374
1
990
5
4506
16
376
1
1112
5
8279
0
610
3
1896
9
3558
14
8287
0
8289
0
1710
8
4212
15
1462
7
910
4
378
1
378
1
476
2
378
1
378
1
378
1
378
1
378
1
378
1
280
1
8319
0
312
1
4372
15
8325
0
386
1
8329
0
532
2
1598
7
3426
14
296
1
7252
24
8028
65
368
1
368
1
348
1
1444
7
3026
13
8353
0
8355
0
3220
13
8359
0
8361
0
8363
0
2436
11
8367
0
3228
13
8371
0
3006
12
3228
13
210
1
8379
0
8381
0
8383
0
1676
7
8387
0
812
4
7910
65
830
4
8395
0
8397
0
8399
0
2950
12
4326
15
4326
15
8407
0
2134
9
3816
14
902
4
8415
0
8417
0
324
1
324
1
8423
0
1118
4
954
4
2734
12
282
1
8433
0
1990
9
3552
14
3714
14
8441
0
1414
6
766
3
8447
0
1140
4
8451
0
8453
0
8455
0
2978
12
8459
0
8461
0
2064
9
2598
12
8467
0
2302
9
3000
12
8473
0
2288
9
8477
0
3748
14
8481
0
2618
12
268
1
428
1
1678
7
4408
15
8493
0
8495
0
370
1
8499
0
2778
12
1226
5
5542
19
6558
22
8509
0
8511
0
8513
0
286
1
3282
13
8519
0
8521
0
8523
0
3730
14
6016
20
4430
15
3718
14
8533
0
6674
22
324
1
3006
12
468
1
4528
15
8545
0
562
1
974
4
1308
5
8553
0
8555
0
546
1
8559
0
716
2
1040
4
598
1
650
1
8569
0
3396
13
2962
12
8575
0
1710
7
1242
4
8581
0
1496
6
8585
0
6714
22
728
2
1658
7
3898
14
404
1
442
1
550
1
8601
0
3012
12
1890
7
962
3
8609
0
880
2
8613
0
5546
19
8617
0
8619
0
1524
6
6316
21
682
1
3008
12
3910
14
6556
21
400
1
382
1
4068
14
4028
14
3318
13
8643
0
8645
0
336
1
350
1
338
1
338
1
2582
11
8657
0
8659
0
8661
0
8663
0
8665
0
7082
24
8669
0
7082
24
8673
0
6210
21
356
1
8679
0
3316
13
440
2
342
1
426
1
1440
6
8691
0
898
3
62
1
352
1
382
1
8701
0
8703
0
8705
0
2896
13
7636
25
8711
0
1652
8
26
1
8717
0
6962
24
8721
0
8723
0
7374
25
7368
25
8729
0
8116
29
80
1
8735
0
8737
0
52
1
8741
0
8743
0
742
3
100
1
8749
0
100
1
8753
0
1068
5
8757
0
758
3
8761
0
8763
0
554
3
118
1
202
2
8771
0
3102
14
172
2
3866
16
8779
0
8781
0
8783
0
1854
9
3648
15
1806
9
1914
9
8793
0
244
2
120
1
410
2
1246
6
1794
9
1470
6
6834
24
260
2
392
2
206
2
5980
21
5980
21
122
1
4488
16
1530
6
4388
16
338
2
1904
9
8831
0
8833
0
554
2
1272
6
4470
16
938
3
8843
0
2962
13
2328
11
1472
6
594
3
2834
13
116
1
594
3
594
3
8861
0
2882
13
594
3
564
3
2284
11
594
3
6484
24
3458
15
8877
0
8879
0
7938
27
3066
15
8885
0
596
3
94
1
74
1
8893
0
128
1
596
3
974
4
596
3
596
3
8905
0
7090
25
162
1
160
1
180
1
8915
0
3952
17
8919
0
124
1
498
3
1014
4
8927
0
480
3
8931
0
1060
5
8935
0
162
1
904
4
2506
12
3150
15
8945
0
134
1
8949
0
602
3
2266
10
136
1
1624
7
8959
0
7634
27
1910
9
8566
68
132
1
8969
0
8971
0
8973
0
8975
0
8977
0
8979
0
8981
0
8983
0
8985
0
8987
0
8989
0
8991
0
8993
0
8995
0
3280
15
184
1
1400
7
4586
17
434
3
2030
10
9009
0
470
3
1962
9
9015
0
1986
9
3184
15
9021
0
3712
16
9025
0
9027
0
1424
7
8778
77
1906
9
9035
0
9037
0
6652
24
1496
7
5952
22
9045
0
6538
23
520
3
9051
0
890
4
9055
0
9057
0
1020
4
9061
0
9063
0
9065
0
9067
0
9069
0
9071
0
936
4
9075
0
9077
0
1998
9
3882
16
9014
77
2390
10
9087
0
4262
17
9091
0
2372
10
1280
5
9097
0
2488
10
7340
25
7340
25
1712
7
5920
21
2020
9
1330
5
8488
30
400
1
9117
0
1568
7
946
4
9123
0
4586
17
9127
0
1276
5
1428
6
1046
4
9135
0
1012
4
802
3
4676
17
8400
30
670
3
8468
30
9149
0
9151
0
9153
0
9155
0
9157
0
9159
0
2876
12
1762
7
9165
0
4422
17
9169
0
1516
6
9173
0
9175
0
9177
0
9179
0
4494
17
1228
4
7022
24
3230
14
9189
0
5056
18
9193
0
9195
0
9197
0
1130
4
9201
0
9203
0
1838
7
1546
6
9209
0
2576
10
3586
15
2896
12
9217
0
9219
0
3596
15
454
1
762
3
6238
22
4802
17
5486
19
2942
12
940
3
9237
0
9239
0
618
3
804
3
9245
0
552
2
9249
0
9251
0
614
3
614
3
9257
0
9259
0
410
1
410
1
410
1
410
1
410
1
9271
0
1004
4
410
1
9066
78
410
1
410
1
9283
0
1252
5
9287
0
9289
0
9291
0
9293
0
6904
25
588
3
9299
0
434
1
402
1
402
1
398
1
414
1
400
1
400
1
616
3
9317
0
9319
0
1734
8
6412
23
828
4
1838
8
9329
0
5094
19
506
2
9335
0
9337
0
9339
0
7490
26
388
1
272
1
9347
0
1510
6
412
1
7566
26
1360
5
3024
13
2130
9
9361
0
1876
8
3878
16
5354
19
9369
0
828
4
9373
0
9375
0
486
1
9379
0
9381
0
1160
5
3642
16
292
1
954
4
9391
0
1576
6
9395
0
828
4
9399
0
8166
28
7372
26
9405
0
8772
31
9409
0
490
1
9413
0
9415
0
9417
0
1698
6
8656
31
9423
0
9425
0
9427
0
9429
0
9431
0
1668
6
9435
0
3854
16
9439
0
4306
17
9443
0
522
1
222
1
430
1
1020
4
1280
5
526
1
9457
0
9459
0
9461
0
1006
4
218
1
9467
0
3808
16
9471
0
9473
0
9475
0
9477
0
9479
0
9481
0
270
1
742
2
1590
5
744
2
238
1
9493
0
9495
0
5626
20
1250
5
9501
0
2342
9
9505
0
1120
4
7308
25
9511
0
9513
0
9515
0
9517
0
1326
5
298
1
9523
0
9525
0
2214
8
9529
0
9531
0
9533
0
9535
0
9537
0
9539
0
9541
0
9543
0
5808
20
9547
0
502
1
2360
9
9553
0
1408
5
7260
25
9559
0
9561
0
6246
22
3722
16
1500
5
632
1
1602
5
9573
0
9575
0
3984
16
9579
0
436
1
4332
17
776
2
402
1
9589
0
9591
0
466
1
696
1
466
1
466
1
9601
0
4952
18
9605
0
9607
0
9609
0
9611
0
9613
0
9615
0
9617
0
9619
0
8984
31
9623
0
9625
0
4520
17
9629
0
9631
0
9633
0
9635
0
9637
0
1806
6
7366
25
9643
0
9645
0
1696
5
4548
17
1136
4
9653
0
1798
6
1798
6
5938
20
9661
0
5998
20
9665
0
9667
0
414
1
9671
0
9673
0
414
1
414
1
414
1
414
1
414
1
9685
0
824
2
414
1
3892
17
1418
5
414
1
208
1
9699
0
350
1
2262
9
544
2
9707
0
2814
12
4244
17
192
1
1726
6
218
1
9719
0
126
1
420
1
420
1
7936
27
422
1
422
1
422
1
422
1
9737
0
9739
0
8084
28
306
1
166
1
402
1
2504
10
8862
29
1948
7
5232
19
8054
28
2504
10
2322
9
1036
3
4318
17
424
1
9769
0
2850
12
308
1
844
2
9777
0
334
1
9781
0
328
1
646
2
9787
0
9789
0
2002
7
1194
5
2226
9
8336
28
9799
0
2040
7
2062
7
220
1
808
2
532
1
496
1
426
1
1108
4
2040
7
9819
0
9821
0
5032
19
9028
32
1414
5
9829
0
1106
3
9833
0
9835
0
8304
28
1338
5
1870
6
714
2
898
2
1128
3
4510
17
364
1
8894
29
9855
0
9857
0
4652
18
9861
0
8414
28
9865
0
2310
9
9869
0
4360
17
9873
0
9875
0
1156
3
1156
3
9881
0
9883
0
9885
0
288
1
9889
0
9891
0
1516
5
5052
19
9897
0
9899
0
9901
0
9903
0
9905
0
9907
0
9909
0
7764
26
5320
19
8062
27
4286
17
9919
0
9921
0
282
1
342
1
2492
9
1838
6
9931
0
9150
32
384
1
1780
6
7636
26
1052
2
9943
0
9852
79
2930
11
3206
12
5406
19
9953
0
9955
0
7062
24
2412
9
856
2
7360
24
1814
6
9967
0
9969
0
8514
28
9973
0
9975
0
3010
12
410
1
404
1
9983
0
9985
0
1788
6
1400
5
9264
32
9993
0
6416
23
814
2
8420
28
10001
0
10003
0
7102
24
1950
6
2094
6
10011
0
522
1
346
1
10017
0
10019
0
10021
0
294
1
294
1
294
1
294
1
10031
0
2722
10
694
2
530
2
1712
6
9770
79
1910
7
396
2
2094
7
370
1
1898
7
10053
0
10055
0
2004
7
2408
9
150
1
2100
7
10065
0
10067
0
302
1
260
1
4368
18
10075
0
1970
7
10079
0
10081
0
10083
0
310
1
4078
16
2564
10
10091
0
6674
24
310
1
4906
19
10099
0
288
1
10103
0
10105
0
1512
6
10109
0
10111
0
734
2
10115
0
3264
13
7862
27
10121
0
2588
10
10125
0
10127
0
574
2
9108
30
432
1
248
1
4992
19
10139
0
10141
0
10143
0
10145
0
10147
0
10149
0
10151
0
3586
14
1652
6
1874
6
1762
6
10161
0
1362
4
2036
7
5918
21
10169
0
2206
7
726
2
2072
7
232
1
10179
0
10181
0
1334
4
504
1
7900
27
1704
6
494
1
1538
5
9944
80
1386
4
2462
8
10201
0
2088
7
1068
3
380
1
10209
0
1600
6
1130
3
2054
7
2874
10
3716
15
6226
21
450
1
10225
0
10227
0
216
1
4914
19
10233
0
10235
0
222
1
10239
0
10241
0
8196
29
8196
29
198
1
764
3
400
2
230
1
10255
0
230
1
230
1
10261
0
1296
4
3604
14
10267
0
5314
21
558
2
202
1
528
2
10277
0
3610
14
8982
31
84
1
608
2
90
1
10289
0
334
2
112
1
4508
19
650
3
2118
8
232
1
4476
19
10305
0
504
2
4400
18
332
2
180
1
8912
30
10317
0
10319
0
10321
0
206
1
664
3
10327
0
166
1
10331
0
2520
9
10335
0
10337
0
8352
29
890
3
10343
0
3056
11
2074
7
10349
0
10351
0
548
2
162
1
700
3
696
3
892
3
1142
4
10294
81
10367
0
10369
0
10371
0
10373
0
10375
0
10377
0
658
2
10381
0
4784
19
4242
16
10387
0
10326
81
5900
21
10393
0
5316
20
3802
14
8228
28
10401
0
1054
3
3046
11
306
1
860
3
10411
0
10413
0
10415
0
10417
0
1098
3
2832
11
528
2
234
1
1246
4
256
1
1010
3
5166
20
4670
19
1966
7
1326
4
10441
0
10443
0
10445
0
10447
0
10449
0
1080
3
10453
0
3064
11
5244
20
7766
26
10461
0
10463
0
1248
4
10467
0
476
2
10471
0
10473
0
2876
11
1094
3
1850
7
2508
8
10483
0
10485
0
1110
3
404
1
564
2
318
1
10495
0
10497
0
574
2
7334
25
5002
19
10505
0
10507
0
2416
8
2858
10
7460
26
4730
19
2604
8
670
2
2718
9
10523
0
7276
25
10527
0
10529
0
1246
3
10533
0
10535
0
6134
21
10539
0
10541
0
478
1
2066
7
10547
0
10549
0
10551
0
8012
26
1602
4
6304
22
5090
19
10561
0
10563
0
10178
72
10567
0
9488
31
562
2
10573
0
826
2
10577
0
10579
0
394
1
10460
81
10585
0
650
2
10589
0
10591
0
8758
29
1258
3
4192
16
5698
21
2398
8
10603
0
2404
8
1836
5
10609
0
2428
8
1472
4
1028
3
6586
22
1256
3
436
1
10623
0
10625
0
1744
4
10218
72
536
1
3578
13
10635
0
4342
16
1850
5
2848
9
3842
14
10645
0
10647
0
5070
19
10651
0
10653
0
10655
0
10657
0
10659
0
10661
0
10663
0
10665
0
10667
0
10669
0
10671
0
10673
0
10675
0
9364
31
10679
0
10681
0
10683
0
10685
0
10687
0
10689
0
10691
0
10693
0
10695
0
10697
0
10699
0
778
2
10703
0
10705
0
2936
9
894
2
2492
8
10713
0
10715
0
2156
7
10719
0
10721
0
686
1
10725
0
10727
0
1964
5
9824
31
10733
0
10735
0
1414
3
1796
4
10741
0
10743
0
10745
0
10747
0
10749
0
10751
0
10753
0
10755
0
3418
11
10759
0
10761
0
5794
21
2684
8
826
2
4346
16
2018
5
1892
4
10775
0
1498
3
10779
0
786
2
10783
0
3224
11
10787
0
3158
11
10791
0
10793
0
10795
0
10797
0
10799
0
10801
0
10803
0
10805
0
10807
0
3108
10
2128
6
816
2
10238
34
8796
29
6746
22
10821
0
884
2
10825
0
10827
0
10829
0
10831
0
10833
0
3220
11
10837
0
10839
0
4430
16
10843
0
5182
19
10847
0
626
1
6406
21
1126
2
10855
0
10857
0
4486
16
8668
28
9048
29
1958
4
5258
19
10869
0
1290
3
5484
19
7576
25
2580
7
10879
0
10881
0
2456
7
8756
28
10887
0
1436
3
10848
81
1678
4
10895
0
5178
19
5660
20
1734
4
10903
0
1872
4
6138
21
10909
0
10350
34
10913
0
10915
0
10917
0
10919
0
10921
0
10923
0
8968
29
9788
31
10929
0
10931
0
10933
0
10935
0
10937
0
10939
0
10941
0
10943
0
1104
2
1390
3
10949
0
10951
0
10953
0
10955
0
10957
0
8932
29
3186
9
920
1
10965
0
10838
81
1294
3
686
1
726
1
354
1
1294
3
10979
0
1294
3
1294
3
1684
4
210
1
1294
3
4350
15
10993
0
2586
8
10997
0
10999
0
3572
12
604
1
1282
3
1282
3
756
1
986
2
4398
15
758
1
758
1
5364
20
4074
15
11023
0
11025
0
2094
5
1100
3
11031
0
11033
0
3134
9
3236
10
2152
5
740
1
908
2
2352
7
2738
8
11049
0
11051
0
11053
0
4410
15
598
1
5856
21
5526
20
2618
8
2894
9
1288
3
11069
0
1288
3
11073
0
1566
4
3404
11
11079
0
11081
0
11083
0
11085
0
4602
17
1762
4
242
1
3154
9
11095
0
11097
0
11099
0
4832
17
872
2
5230
20
2090
5
6554
22
11111
0
1166
3
1298
3
11117
0
11119
0
11121
0
782
1
3618
12
2170
5
3046
9
10662
73
11133
0
4186
15
506
1
11139
0
11141
0
11143
0
11145
0
504
1
1738
4
11151
0
4848
17
844
1
1176
3
4842
17
2718
8
2616
8
11165
0
6966
23
11169
0
8046
27
6258
22
1274
3
11177
0
11179
0
1718
4
9158
30
2846
8
11187
0
11189
0
7506
24
4328
15
10502
35
4270
15
11199
0
5640
20
6860
22
11205
0
11207
0
11209
0
11211
0
4892
17
808
1
2412
6
6744
22
3618
12
1016
2
1990
5
5472
20
6118
21
9026
29
1104
2
11235
0
11237
0
9642
31
2658
8
972
1
11245
0
11247
0
11249
0
11251
0
2336
5
354
1
11257
0
11259
0
11261
0
370
1
724
1
1210
2
11269
0
9732
31
3208
9
3870
12
11277
0
3506
10
11281
0
560
1
11285
0
11287
0
9608
31
11291
0
898
1
11295
0
398
1
1026
1
11301
0
1436
3
11305
0
4676
15
7510
24
1376
3
11313
0
11315
0
5800
20
2318
5
5754
20
5940
20
11325
0
9418
30
892
1
976
1
4270
14
4668
15
3870
12
11339
0
11341
0
11343
0
3854
12
6032
21
478
1
11351
0
6010
20
11355
0
4172
13
5562
20
11361
0
9536
30
11365
0
786
1
10944
73
7222
23
2366
5
11375
0
11377
0
3864
12
11381
0
11383
0
11385
0
11387
0
5208
17
6218
21
11393
0
1408
3
3640
10
3042
8
3282
9
1610
3
11405
0
3558
10
2944
8
798
1
11413
0
3402
9
2988
8
920
1
1762
4
4074
12
5870
20
7250
23
7214
23
856
1
2318
5
2102
4
2204
5
10474
32
9418
30
2036
4
3368
9
3372
9
11449
0
11451
0
11318
82
5322
17
7048
22
11459
0
882
1
6466
22
11465
0
9628
30
6668
22
11471
0
4170
12
11475
0
11477
0
968
1
4780
15
5886
20
10562
32
11487
0
7918
26
4834
15
11493
0
11495
0
1564
3
912
1
6612
22
11503
0
3320
9
5668
20
11509
0
11511
0
2950
8
11515
0
2464
5
11519
0
1818
3
5910
20
11525
0
7888
26
5850
20
11531
0
1362
2
1240
1
11537
0
4054
12
2784
6
1504
2
11545
0
11547
0
3936
12
11551
0
9688
30
3308
9
1132
1
11559
0
1320
3
590
1
234
1
412
1
6126
21
3822
11
1802
4
448
1
810
2
11579
0
942
2
2796
7
360
1
366
1
116
1
550
1
11593
0
586
2
586
2
584
2
584
2
5558
20
11605
0
11607
0
1120
3
11611
0
11613
0
2148
6
1070
3
482
2
5780
22
11623
0
11625
0
36
1
330
2
11631
0
70
1
11635
0
11637
0
11639
0
11641
0
576
2
780
3
576
2
584
2
8520
29
11653
0
7396
25
11657
0
7778
26
11661
0
5486
19
5516
19
4572
16
546
2
5664
20
11673
0
250
2
11677
0
4112
14
11681
0
11683
0
374
2
11687
0
11689
0
2668
7
11693
0
6770
24
11697
0
11699
0
11701
0
2896
8
2080
6
1278
3
11709
0
1712
5
11713
0
11715
0
568
2
9948
32
2610
7
5942
22
4846
17
11727
0
2524
7
11731
0
1420
3
746
2
1640
4
11739
0
498
2
11743
0
11745
0
11747
0
710
2
548
2
562
2
11755
0
11757
0
11759
0
776
2
8094
26
11765
0
1266
3
11769
0
11771
0
3966
12
11775
0
11777
0
1746
4
502
2
570
2
1486
3
354
2
2690
7
2690
7
2690
7
482
2
3170
10
2718
7
11801
0
11803
0
3470
10
11807
0
9566
31
11811
0
4156
13
1486
3
11466
75
716
2
11821
0
11823
0
1596
4
1590
4
2042
5
11831
0
11833
0
11508
76
210
1
9432
32
4078
13
54
1
11845
0
108
1
1814
5
102
1
2008
6
2850
8
44
1
11859
0
264
1
1064
4
154
1
720
3
11869
0
2218
7
11352
38
11875
0
11877
0
11879
0
11881
0
198
1
9978
33
11887
0
11889
0
4244
14
260
1
4210
14
11897
0
280
1
292
1
2696
8
188
1
11907
0
4260
14
4248
14
414
3
9950
33
472
3
3890
12
1190
4
1436
4
11096
35
1868
5
11929
0
302
1
2888
8
11935
0
11937
0
6508
23
1784
5
554
3
11945
0
11947
0
612
3
3452
11
650
3
774
3
11957
0
11959
0
394
2
3186
9
2872
8
906
3
2122
6
7970
26
11554
76
7972
26
4300
14
238
1
3920
12
2788
8
4118
13
11987
0
11989
0
11991
0
398
1
418
2
398
1
4360
15
12001
0
1034
3
1034
3
1032
3
2266
6
5308
18
1312
4
596
3
12017
0
2506
7
2072
6
12023
0
12025
0
546
3
12029
0
3416
11
3456
11
12035
0
392
1
320
1
610
3
12043
0
7768
26
10198
33
12049
0
12051
0
1966
5
10074
33
12057
0
12059
0
1546
4
3488
11
12065
0
4618
16
8744
30
1950
6
3672
12
7936
27
2224
7
1956
6
102
1
1994
6
12085
0
82
1
1102
4
356
2
10038
34
12095
0
204
1
12099
0
530
3
1466
5
6168
23
1144
5
9944
33
168
1
1396
5
12115
0
8342
28
282
1
12121
0
12123
0
28
1
456
3
136
2
270
2
136
2
534
3
3424
11
12139
0
12141
0
1708
6
12145
0
12147
0
12149
0
12151
0
12153
0
3674
13
4374
15
2006
7
12161
0
12163
0
12165
0
12167
0
50
1
1430
6
12173
0
912
5
12177
0
1356
6
12181
0
990
5
12185
0
3290
10
290
2
7424
27
12193
0
12195
0
6810
25
12199
0
558
3
638
4
6492
25
354
2
12209
0
12211
0
12213
0
12215
0
5078
19
3132
10
316
2
12223
0
9870
34
580
3
12229
0
12231
0
12233
0
280
2
1884
6
12239
0
12241
0
5634
20
12245
0
12247
0
12249
0
7620
27
12253
0
6602
25
5346
20
376
2
2214
7
172
1
354
2
12267
0
4482
15
12271
0
12273
0
310
2
1760
6
6458
25
12281
0
12283
0
12285
0
6828
25
12289
0
2894
9
1666
6
950
5
1870
6
1714
6
1210
5
3458
11
480
3
488
3
3348
10
12311
0
1266
5
488
3
3020
9
3608
12
480
3
1514
7
2728
10
3554
12
4870
18
12331
0
12333
0
2072
7
12337
0
4802
18
7576
28
4362
15
12345
0
222
1
562
4
10884
37
7354
28
6084
23
5404
21
12359
0
12020
79
2080
7
12365
0
2060
7
2220
8
164
1
11956
79
402
3
188
1
210
1
178
1
1880
7
76
1
6148
23
4230
15
12391
0
4108
14
3616
12
7910
28
7272
27
5012
18
12403
0
12405
0
6494
25
5236
19
12411
0
1536
7
4220
15
12417
0
884
6
12421
0
6116
23
12425
0
4994
18
12429
0
12431
0
860
5
768
4
850
5
6692
26
420
3
182
1
6236
23
346
2
12449
0
902
6
1212
6
212
1
4938
18
12459
0
12461
0
814
4
1306
6
5194
19
9174
32
364
2
5404
20
12475
0
2316
8
12479
0
3894
14
11522
38
1056
6
12487
0
12489
0
9594
33
814
4
1406
6
9614
33
12499
0
1730
7
9766
33
3180
10
470
3
578
3
2552
9
2748
9
12515
0
12517
0
752
4
1108
6
1300
6
12525
0
1222
6
12529
0
578
3
1042
6
12535
0
12537
0
12539
0
366
1
12543
0
12545
0
12547
0
12549
0
962
5
12553
0
12555
0
378
1
564
3
1188
6
9160
32
12565
0
12567
0
11350
38
1074
6
1244
6
842
4
12577
0
6102
23
12581
0
7074
26
12585
0
5266
18
2314
7
4104
14
334
1
12595
0
2842
9
1740
7
12601
0
12603
0
12605
0
12607
0
2646
9
832
4
11834
41
3792
12
8894
30
11636
38
12621
0
3544
11
12625
0
12627
0
12629
0
6272
23
7012
26
12635
0
5896
21
1424
6
8570
29
12643
0
12645
0
8804
30
12649
0
2758
9
522
1
354
1
8162
28
7954
28
868
5
812
4
12665
0
12667
0
12669
0
1898
8
2254
8
12675
0
342
1
12679
0
12152
42
548
2
12685
0
310
1
306
1
12691
0
12693
0
3578
12
12697
0
10844
37
4464
16
356
1
616
3
358
1
866
4
920
5
798
4
12715
0
496
2
3768
12
520
2
4190
15
652
3
500
2
12729
0
12731
0
12733
0
356
1
12737
0
12739
0
12741
0
12743
0
5134
19
5618
21
12749
0
622
2
184
1
622
2
12757
0
12759
0
12761
0
12763
0
5530
20
12767
0
12769
0
6128
22
788
4
694
3
12777
0
776
5
2402
9
80
1
778
5
1810
8
12789
0
3518
12
1810
8
2242
9
3104
11
536
3
12801
0
12803
0
128
1
12807
0
12809
0
12811
0
12813
0
12712
90
1782
8
4262
16
150
1
170
2
638
3
1822
8
1822
8
518
3
82
1
80
1
154
1
122
1
2104
9
12843
0
1768
8
1630
8
228
2
484
2
4432
16
4508
16
11398
39
12859
0
958
5
12863
0
3868
13
826
5
3078
11
136
1
7750
29
5176
19
102
1
12879
0
12881
0
3390
12
12885
0
12887
0
2076
9
1494
8
1336
8
4890
17
12897
0
12899
0
12901
0
12903
0
12905
0
12907
0
7672
29
12911
0
1918
8
10198
35
12917
0
8260
30
12034
40
5948
23
1832
8
1174
6
664
3
7330
28
358
2
2480
9
1502
8
12939
0
12941
0
7286
28
4310
16
12947
0
12949
0
12951
0
584
2
2306
9
1414
8
12959
0
12961
0
4944
17
522
2
352
2
11742
40
3218
11
578
2
1470
8
6018
23
8194
30
2266
9
1940
8
2602
9
12987
0
3000
11
270
1
2110
9
1884
8
5402
20
4330
15
2112
9
13003
0
3294
11
13007
0
282
1
564
2
600
2
614
2
3300
11
13019
0
786
3
768
3
13025
0
13027
0
13029
0
4036
13
1698
8
2324
9
1114
5
488
2
13041
0
8156
30
930
4
3476
12
1494
8
2090
9
13053
0
13055
0
5540
20
13059
0
372
1
13063
0
694
2
4774
16
12622
81
12886
90
13073
0
4012
13
13077
0
13079
0
394
1
574
2
446
2
12592
81
3084
11
5824
21
13093
0
538
2
538
2
630
2
13101
0
7934
29
13105
0
1020
4
13109
0
13111
0
3550
12
13115
0
1768
8
9712
34
2830
9
4526
16
13125
0
1764
8
892
3
12530
43
1184
5
2940
10
1684
8
666
2
2874
9
6370
23
842
3
9282
32
2462
9
5638
20
13153
0
13155
0
1450
6
1016
3
13161
0
4696
16
2776
9
606
2
8372
30
12638
43
856
3
12528
43
5712
20
2640
9
13181
0
4864
16
13185
0
13187
0
2578
9
13191
0
3016
10
5740
20
920
3
548
2
4986
17
7698
28
9212
31
2986
10
8264
30
1146
5
13213
0
13215
0
13217
0
1256
5
13221
0
5616
20
13225
0
1710
8
718
2
13231
0
13233
0
2948
9
5824
20
584
2
13241
0
13243
0
940
3
940
3
13249
0
13251
0
938
3
4612
16
4612
16
1298
6
2104
9
480
1
2868
10
486
1
484
1
6670
24
2928
10
13275
0
1480
7
3564
12
5950
21
450
1
3020
10
3008
10
454
1
1716
8
836
3
5774
21
700
3
876
3
788
3
5124
18
4974
17
5282
18
13309
0
4706
17
6632
24
348
1
278
1
308
1
3794
13
712
3
13325
0
922
3
6576
24
316
1
8874
31
464
1
13337
0
898
3
1238
5
6586
24
636
2
13347
0
544
1
13351
0
6026
21
372
1
214
1
6100
22
2764
10
4534
15
8576
31
13367
0
1028
3
4780
17
2882
10
13375
0
13377
0
742
3
560
1
804
3
8364
31
8788
31
7188
26
906
3
6356
23
6988
26
13397
0
680
2
13401
0
3642
12
1884
9
5500
18
6760
24
3616
12
920
3
13415
0
2862
10
3272
11
3770
13
6942
26
5982
21
9408
32
1352
5
8118
30
13433
0
848
3
942
3
2838
10
390
1
510
1
256
1
6736
24
5064
17
3142
10
5820
21
1444
6
8834
31
10008
35
6734
24
13463
0
13465
0
10646
36
7176
26
6716
24
460
1
540
1
3838
13
5106
17
862
3
7204
26
6168
21
2106
9
1414
5
13491
0
5684
19
5162
17
3314
11
2570
10
608
1
2886
10
12882
44
350
1
8338
30
6834
24
2942
10
1060
3
13517
0
3110
10
13521
0
13523
0
5890
21
1004
3
2450
9
1098
3
13533
0
13535
0
548
1
362
1
13541
0
13543
0
5822
19
592
1
9194
31
466
1
6412
22
326
1
6878
24
3716
12
13561
0
11380
38
3160
10
13567
0
13569
0
13571
0
13573
0
3370
11
4792
15
458
1
13581
0
13583
0
1552
6
1152
3
13589
0
13591
0
6368
22
13595
0
13597
0
1584
6
1018
3
1084
3
6820
24
7222
26
13609
0
13611
0
1746
6
7224
26
13617
0
3658
12
13621
0
12148
40
568
1
954
2
3208
10
6060
21
9130
31
6942
24
13637
0
668
1
13641
0
13643
0
3254
10
1182
3
6286
21
9814
33
458
1
6964
24
7596
27
4812
15
438
1
2758
10
13665
0
922
2
6664
24
6664
24
796
1
902
2
13677
0
1228
3
1808
7
510
2
13685
0
13687
0
898
2
1010
3
13693
0
2532
10
13697
0
13699
0
7824
30
2542
10
13705
0
13707
0
3090
11
1698
7
13713
0
13715
0
13717
0
456
1
13721
0
13723
0
13725
0
644
2
13729
0
13731
0
398
1
896
2
8122
30
438
1
4258
14
13743
0
616
2
13747
0
13749
0
252
1
13753
0
9312
32
766
2
13759
0
752
2
13763
0
410
1
13767
0
2374
10
9656
33
3984
13
12336
41
13777
0
8120
30
13781
0
13783
0
3886
13
5804
19
530
1
474
1
2766
10
13795
0
148
1
9470
32
1036
3
1036
3
402
1
13807
0
3334
11
1526
5
12862
42
6748
24
652
2
1438
4
6542
23
13823
0
5388
18
2158
8
13829
0
7332
27
13833
0
328
1
13837
0
13839
0
8084
30
13160
45
13845
0
13847
0
13849
0
408
1
13853
0
408
1
440
1
196
1
202
1
4850
15
768
2
584
1
4030
13
13871
0
6716
23
2548
10
632
2
13879
0
13881
0
8024
30
13885
0
598
1
8150
30
2516
10
1430
4
13895
0
7554
27
1490
4
13901
0
13903
0
2420
10
13907
0
6826
24
12674
42
11850
39
2500
10
1328
4
3192
11
11692
39
2500
10
13925
0
13927
0
13929
0
1964
7
13933
0
562
1
13937
0
13939
0
13941
0
1350
4
13945
0
4140
13
912
2
13951
0
11012
37
13955
0
13957
0
1506
4
13961
0
13963
0
13965
0
13967
0
13969
0
13971
0
13973
0
2524
10
13977
0
7122
25
13981
0
990
2
7138
25
13987
0
3030
11
4906
15
1788
5
13995
0
1778
5
1936
7
14001
0
14003
0
4182
13
2854
10
9228
32
13496
83
2908
10
1290
3
3200
11
9046
32
14021
0
14023
0
14025
0
606
1
2244
8
14031
0
5986
19
5194
16
2518
10
3558
11
8268
30
14043
0
8888
31
4002
12
14049
0
2878
10
14053
0
11434
37
4402
14
14059
0
392
1
5722
18
758
1
11288
37
14069
0
14071
0
14073
0
764
1
14077
0
11172
37
5256
16
412
1
1306
3
820
2
370
1
822
2
1306
3
14095
0
408
1
1306
3
3580
12
1306
3
1306
3
14107
0
760
2
14111
0
2582
11
14115
0
14117
0
14119
0
14121
0
14123
0
14125
0
14127
0
3448
12
2764
11
1306
3
1306
3
14137
0
14139
0
274
1
1320
3
258
1
1310
3
232
1
14151
0
6690
23
14155
0
14157
0
5084
16
1450
4
1502
4
1458
4
14167
0
2064
7
314
1
428
1
1324
3
764
2
8482
31
866
2
6306
21
150
1
14187
0
1830
5
456
1
2640
11
7966
28
464
1
1326
3
1326
3
924
2
874
2
8008
28
14209
0
14211
0
348
1
6372
21
5380
17
14219
0
5852
19
14223
0
4516
14
14227
0
1180
3
3626
12
732
2
14235
0
14237
0
1218
3
1002
3
486
1
1082
3
11492
38
488
1
1190
3
370
1
14255
0
406
1
3782
12
1602
5
2446
9
14265
0
1874
5
1906
5
14271
0
1038
3
14275
0
1424
3
14279
0
14281
0
2468
9
7504
26
14287
0
208
1
14291
0
10410
35
460
1
14297
0
1838
5
290
1
1110
3
14305
0
14307
0
3632
12
1006
2
758
2
696
2
14317
0
7528
26
594
1
14323
0
362
1
3904
12
656
2
418
1
14333
0
1016
2
1266
3
2046
6
3174
11
14343
0
8498
31
646
1
11282
38
5820
19
14353
0
616
1
14357
0
8076
28
1500
3
14363
0
1548
3
2240
6
934
2
1290
3
14373
0
8488
30
6804
23
560
1
14381
0
932
2
9818
33
1090
2
14389
0
876
2
14393
0
2996
11
2816
10
1828
5
1828
5
2490
8
842
2
14407
0
756
2
14411
0
1546
3
5622
17
352
1
550
1
1458
3
4076
12
3158
11
14427
0
12098
40
14431
0
14433
0
14435
0
928
2
9620
33
5642
17
6256
20
9820
33
14447
0
8906
31
14451
0
1446
3
1256
3
3048
11
2562
8
1940
5
2984
11
14465
0
4066
12
912
2
4520
14
14473
0
1292
3
14477
0
14479
0
14481
0
14483
0
6952
23
1982
5
14489
0
592
1
1536
3
14495
0
14497
0
5144
15
13504
43
14503
0
5222
15
1618
3
11116
37
2584
8
498
1
14478
93
6400
20
14519
0
14521
0
618
1
3068
11
804
1
4340
13
2508
8
744
1
14535
0
8382
28
1588
3
1476
3
12418
40
1118
2
9540
33
5122
15
14551
0
2180
5
2180
5
14557
0
14559
0
1228
2
1176
2
14565
0
2168
5
2524
8
1194
2
10444
34
14575
0
5188
15
1462
3
7786
26
14583
0
1156
2
3818
12
584
1
3150
11
518
1
14595
0
1298
2
1662
3
2248
5
6280
19
14314
92
7288
23
1270
2
2336
6
1514
3
8610
29
14617
0
1392
3
14621
0
14623
0
978
2
14627
0
1562
3
14631
0
14633
0
14635
0
5696
16
4880
14
962
2
14643
0
14645
0
14647
0
1440
3
7586
25
8782
31
12408
40
14657
0
9708
33
2970
9
3000
9
5224
15
8876
31
3924
12
14671
0
8258
28
1540
3
14006
46
14679
0
11374
37
5484
16
14685
0
3032
9
1022
2
14691
0
9272
31
702
1
14697
0
8048
26
5690
16
7762
26
1326
2
806
1
7534
24
1146
2
14713
0
1740
3
14717
0
14719
0
1254
2
2902
9
11562
37
14727
0
806
1
14731
0
1620
3
14735
0
14737
0
8926
31
976
1
14743
0
14745
0
14747
0
14749
0
1474
2
4244
12
4552
13
956
1
4604
13
3248
11
11046
35
1470
2
14767
0
6864
20
14771
0
14773
0
1248
2
14777
0
14779
0
3996
12
1180
2
14785
0
14787
0
14789
0
3558
11
1470
2
4788
14
14176
46
2322
5
14801
0
14803
0
3522
11
980
1
1012
1
10100
33
3784
11
11344
37
4214
12
14819
0
14821
0
1542
2
14825
0
9924
33
10458
33
14831
0
3832
11
4046
12
8988
31
1238
2
10834
34
14843
0
4000
12
2710
6
7090
21
14851
0
14853
0
14855
0
13608
43
14859
0
2500
5
3860
11
14865
0
9314
31
2332
5
2228
5
14873
0
14875
0
4794
13
822
1
4046
12
4526
12
3464
11
14887
0
14889
0
14891
0
11226
35
14895
0
14897
0
1022
1
8236
26
4766
13
14905
0
14907
0
14909
0
14911
0
14913
0
826
1
14917
0
1646
3
780
1
742
1
7630
24
782
1
14929
0
14931
0
598
1
14935
0
608
1
14939
0
1620
3
702
1
716
1
714
1
2606
6
3836
12
756
1
14010
44
1296
3
14959
0
272
1
3380
11
2668
7
1490
3
14969
0
2348
6
4264
13
14975
0
3138
9
12896
41
14981
0
14983
0
820
1
4346
13
1818
4
770
1
682
1
162
1
600
1
830
1
2344
6
292
1
15005
0
396
1
1680
3
2626
6
15013
0
1672
3
1672
3
1228
2
15021
0
15023
0
15025
0
836
1
1556
3
6930
21
154
1
2288
5
2536
6
6236
18
10608
34
1368
3
15045
0
406
1
168
1
7434
24
15053
0
3056
9
15057
0
15059
0
1246
4
1132
4
6582
22
152
2
1616
5
1442
5
15073
0
1708
5
544
3
11202
38
696
3
150
2
6468
22
12358
41
836
3
14072
46
140
2
102
2
15097
0
7518
26
116
2
1888
6
2814
9
15107
0
930
3
14020
46
4374
15
5064
16
4902
16
9156
33
5682
18
2906
9
108
3
966
4
966
4
15131
0
566
4
106
3
15137
0
5616
19
15141
0
2442
8
78
1
4320
16
1864
6
2872
10
34
1
1868
6
1606
6
15159
0
2964
10
5810
19
666
4
74
1
4806
16
15171
0
4264
16
1926
7
15177
0
4570
16
1142
5
212
3
2594
9
732
4
942
4
15191
0
15193
0
814
4
15197
0
15199
0
192
3
15203
0
7040
24
836
4
5470
18
5844
19
15213
0
15215
0
476
4
3482
13
3232
12
15223
0
15225
0
574
4
15229
0
5850
19
620
4
6360
20
736
4
510
4
1132
4
15243
0
4976
16
250
3
774
4
622
4
952
4
2192
7
450
4
15259
0
13268
45
2826
9
910
4
1376
5
3208
12
6044
20
978
4
186
1
1342
5
15279
0
15281
0
12180
42
15285
0
746
4
1106
4
15291
0
1122
4
2048
7
15297
0
266
3
4004
15
340
3
6276
20
8038
28
548
4
1212
4
15313
0
170
1
15317
0
2054
7
3560
14
1232
5
2054
7
408
4
15329
0
15331
0
412
4
186
1
182
1
412
4
11022
38
406
4
15345
0
1548
6
266
2
6786
24
15353
0
562
5
416
4
9364
34
15361
0
1014
5
610
5
2006
7
1884
7
15371
0
1058
5
15375
0
15377
0
1570
6
3926
16
1298
5
218
1
1066
5
8074
28
4328
16
3474
13
1988
7
1902
7
322
2
1904
7
400
4
2758
10
1548
6
890
5
15411
0
1124
5
3750
14
210
1
244
1
15421
0
1216
5
1914
7
1776
7
1160
5
15431
0
1258
5
1066
5
15437
0
2454
8
10544
38
1818
7
3866
15
664
5
10836
38
746
5
3008
10
8076
28
534
4
872
5
13654
46
298
1
1146
5
15467
0
15469
0
2938
10
3216
11
760
5
458
4
7366
25
15481
0
7256
25
14722
51
15487
0
15489
0
722
5
6558
21
500
4
15497
0
1226
5
12834
43
2024
7
4152
16
560
4
9920
36
1760
6
15513
0
10908
38
15517
0
424
2
12352
42
15523
0
698
5
704
5
6738
22
4212
16
270
1
1118
5
232
1
582
4
2160
7
7038
24
544
4
15547
0
15549
0
10878
38
334
1
256
1
522
4
594
4
10872
38
11964
42
5180
17
606
4
6090
20
1244
5
298
1
6332
21
2474
8
5034
17
4052
16
4476
16
4076
16
968
5
1796
6
4336
16
10806
38
2682
8
1546
6
2754
8
2624
8
2234
7
8130
28
1078
5
10852
38
8972
31
2744
8
10856
38
1350
5
5140
17
15621
0
950
5
4718
17
8848
31
1378
5
1598
6
1780
6
586
4
1216
5
1054
5
7048
24
10946
38
406
1
2202
7
2110
7
410
1
10672
38
8102
28
10914
38
2492
8
15661
0
15663
0
9246
33
2364
7
15669
0
7146
24
15673
0
11486
39
976
5
1328
5
15681
0
15683
0
11588
39
10704
38
2520
8
740
4
15693
0
4226
16
4280
16
10866
38
10866
38
1324
5
2106
7
436
1
1270
5
6622
21
7544
25
940
5
2352
7
720
4
10134
36
3612
12
15725
0
932
5
7354
24
1532
5
1472
5
11022
38
8480
29
10724
38
6322
20
2194
7
5576
18
4368
16
10736
38
3292
10
1222
5
10780
38
10766
38
10818
38
450
1
12166
42
4264
16
12162
42
12162
42
4600
16
1712
6
1692
6
738
4
736
4
15781
0
736
4
1820
7
1022
6
2052
7
5010
18
470
1
480
1
1384
6
662
2
10736
38
3098
10
1700
6
2976
10
476
2
1668
7
474
2
1668
7
15817
0
1018
7
1672
7
1566
7
798
6
2758
10
1404
7
2850
10
3720
14
2430
9
3770
14
15288
53
46
1
1724
7
976
7
898
6
454
2
15851
0
15853
0
188
2
15857
0
15859
0
5762
20
1432
7
5824
20
6676
23
15869
0
15871
0
470
2
5808
20
492
2
5518
19
7684
27
454
2
15885
0
15887
0
15889
0
15891
0
190
2
15895
0
15897
0
15899
0
312
2
15903
0
15905
0
308
2
2618
9
15911
0
526
2
1868
8
5786
20
384
2
10878
40
1504
7
15925
0
2380
9
15929
0
8052
28
486
2
15935
0
15937
0
414
2
7796
27
15943
0
2748
10
15947
0
962
6
13912
48
3290
11
15955
0
15957
0
15959
0
15961
0
15963
0
15965
0
5892
20
9500
35
2254
8
15973
0
468
2
370
2
15979
0
3912
14
354
2
592
2
2578
9
1746
7
11250
40
15993
0
476
2
15997
0
5148
19
16001
0
14198
48
1756
7
16007
0
16009
0
660
2
10080
37
16015
0
600
2
1846
7
7580
26
4612
18
2132
8
16027
0
5010
18
16031
0
1566
7
16035
0
610
2
3884
13
976
4
1160
7
16045
0
3622
12
16049
0
16051
0
16053
0
3734
12
5838
20
16059
0
16061
0
16063
0
2552
9
6944
23
2606
9
16071
0
972
4
4728
18
16077
0
5350
19
1290
7
826
3
6120
21
16087
0
2502
9
1704
7
1412
7
7854
27
412
2
10492
38
16101
0
1494
7
5398
19
8150
27
514
2
16111
0
4248
15
1302
7
16117
0
3012
10
978
3
6556
22
12322
42
2296
8
4902
18
16131
0
16133
0
572
2
7642
26
3668
12
16141
0
16143
0
2136
8
16147
0
16149
0
16151
0
4390
16
4754
18
10110
36
16159
0
9422
33
16163
0
4884
18
592
2
1712
7
1160
6
16173
0
7970
27
8160
27
7640
26
9616
34
16183
0
1970
7
4332
15
9824
35
532
2
5134
18
406
1
10462
38
16199
0
984
3
10488
38
5924
19
530
2
15930
99
16211
0
12630
44
16215
0
16217
0
2042
7
956
3
16223
0
7900
26
16227
0
2442
8
1640
7
8324
27
8204
27
2248
8
16239
0
1084
3
1126
4
1986
7
978
3
3370
10
2606
9
500
2
2552
8
3262
10
4770
18
16261
0
11412
40
1686
7
16267
0
854
2
16271
0
1020
3
10452
38
16277
0
16279
0
1594
7
974
3
2590
8
16287
0
4614
16
16291
0
9500
33
16295
0
16297
0
16299
0
16301
0
1944
7
5268
18
5814
19
16309
0
16311
0
16313
0
760
2
3222
10
2830
9
9038
31
670
2
16325
0
2670
9
762
2
15392
50
15092
50
16335
0
1382
6
996
2
16341
0
16343
0
16345
0
768
2
16349
0
1408
6
10328
36
16355
0
1458
7
3106
10
16361
0
16363
0
15036
50
16367
0
252
1
2796
10
16373
0
3410
11
540
1
258
1
2576
9
302
1
2436
9
6776
23
2620
9
6094
20
2364
9
16395
0
16397
0
1308
5
344
1
968
3
266
1
334
1
13320
46
534
1
500
1
764
3
10844
39
1474
7
16421
0
16423
0
16425
0
272
1
6096
20
590
1
524
1
568
1
568
1
1948
8
16441
0
564
1
16445
0
618
1
566
1
16451
0
566
1
16455
0
4622
16
1482
7
580
1
16463
0
298
1
3858
13
308
1
13998
47
16473
0
16475
0
1142
3
1206
4
286
1
444
1
166
1
16487
0
1152
3
16491
0
16493
0
546
1
16497
0
16499
0
484
1
2520
9
5620
20
16507
0
12480
42
348
1
16513
0
1148
3
4978
19
586
1
422
1
288
1
16525
0
16527
0
5718
20
346
1
410
1
410
1
424
1
16539
0
6434
21
4060
13
2458
8
726
1
1006
3
16551
0
10554
37
636
1
2454
8
1098
3
15632
51
1374
4
2128
8
8008
27
7168
23
1280
4
948
3
16575
0
4772
17
16579
0
1874
8
1962
8
6508
21
3464
11
5186
19
650
1
16593
0
5538
19
16597
0
624
1
2758
9
11106
39
16605
0
1744
8
16609
0
788
1
16613
0
1964
8
516
1
16619
0
812
1
16623
0
812
1
2746
9
16629
0
792
1
10256
36
690
1
1134
3
11054
39
5356
19
930
3
378
1
740
1
15016
50
1766
8
9280
31
702
1
1476
4
14260
48
826
1
4376
14
16665
0
5686
19
14260
48
1350
3
320
1
882
2
4350
13
16679
0
552
1
574
1
16685
0
4208
13
16689
0
386
1
5376
19
1124
3
16697
0
882
1
16701
0
16703
0
872
1
822
1
16696
101
16711
0
714
1
734
1
658
1
818
1
760
1
760
1
760
1
760
1
2216
8
494
1
750
1
884
1
864
1
864
1
4474
14
1106
3
16745
0
16747
0
1366
3
1564
4
16753
0
440
1
16757
0
5256
19
2498
8
728
1
894
1
1644
5
908
1
12678
42
4792
16
8530
28
3240
10
934
1
812
1
16783
0
16785
0
16787
0
16789
0
16791
0
16793
0
750
1
16797
0
16799
0
7188
24
372
1
16805
0
3262
11
188
1
1876
8
3972
12
476
2
16817
0
194
1
344
1
334
1
1476
4
1470
4
1474
4
14294
47
1274
4
1144
4
6406
21
2434
9
6310
21
424
1
6594
21
248
1
438
1
1234
4
16853
0
7422
24
120
1
344
1
8176
27
2326
9
746
2
192
1
1880
8
1880
8
1690
5
16875
0
206
1
16879
0
424
1
424
1
472
1
1182
4
16889
0
16891
0
16893
0
16895
0
1004
2
16899
0
980
2
7400
24
16905
0
16907
0
7294
24
4894
17
16913
0
3052
10
16917
0
504
1
11910
42
2730
9
16925
0
6170
21
16929
0
1964
8
854
2
15488
51
952
2
3942
12
922
2
332
1
4098
12
2564
9
546
1
1302
4
958
2
1410
4
1480
4
3134
10
3918
12
4780
15
2244
9
1544
4
1544
4
16971
0
16973
0
14036
47
16977
0
1924
8
16981
0
12934
43
16985
0
16987
0
440
1
1496
4
3902
12
14220
47
3406
11
9900
34
4664
14
230
1
4648
14
17007
0
1226
4
2726
9
204
1
3232
11
344
2
142
1
17021
0
174
1
8660
29
17027
0
1218
3
174
1
538
2
150
1
708
3
1340
5
222
1
11002
39
17045
0
232
1
17049
0
3370
11
1246
3
252
1
1242
3
2234
10
1122
3
17063
0
2580
10
662
2
126
1
1094
3
968
3
2014
7
450
2
334
2
704
2
17083
0
878
3
17087
0
3678
12
17091
0
824
3
198
1
436
2
8988
30
7652
25
17103
0
6340
22
156
1
9162
30
17111
0
1680
5
15974
53
14824
50
2656
10
656
2
11266
41
968
3
15512
52
15998
53
404
2
5062
17
3752
12
1048
3
17139
0
17141
0
17143
0
738
2
6628
22
1420
5
1354
4
598
2
3092
11
2448
10
1424
5
17161
0
17163
0
7194
24
1224
3
488
2
2198
9
798
2
480
2
16940
103
544
2
992
3
10724
38
666
2
17187
0
3242
11
1188
3
5834
21
920
3
17197
0
17199
0
17201
0
962
3
11512
41
17207
0
4004
13
17211
0
17213
0
1014
3
1026
3
4506
14
17221
0
17223
0
17225
0
17227
0
980
3
980
3
7668
25
376
1
17237
0
14902
50
9506
31
1712
5
1162
3
1002
3
14150
48
2654
10
8742
29
2762
10
874
2
17259
0
1164
3
690
2
398
1
320
1
4450
13
17271
0
17273
0
3062
10
746
2
2756
10
17281
0
694
2
2882
10
1356
3
1888
5
17291
0
13902
47
13410
45
450
1
584
2
17301
0
17303
0
17305
0
1488
3
17309
0
17311
0
1206
3
1290
3
582
2
836
2
2512
10
17323
0
15756
52
15254
50
17329
0
1088
3
804
2
3032
10
1054
3
12622
43
2768
10
17343
0
17345
0
17347
0
17349
0
17351
0
3150
10
1530
3
1614
5
1736
5
17361
0
5172
16
6056
21
832
2
5444
18
17371
0
852
2
852
2
928
2
738
2
17381
0
4382
13
17385
0
17387
0
9792
33
3060
10
14138
47
790
2
17397
0
752
2
9922
33
17403
0
1034
2
1842
5
17409
0
5682
19
17413
0
17415
0
2150
6
17419
0
3680
11
17423
0
17425
0
776
2
474
1
1442
3
14954
49
11748
41
6564
22
3092
10
1436
3
3342
10
4006
13
506
2
17449
0
17451
0
398
1
17455
0
17457
0
802
3
12896
44
17463
0
4016
13
1286
4
154
1
116
1
17473
0
230
1
13058
44
6210
22
17481
0
328
1
438
1
1108
3
11588
41
742
3
228
1
17495
0
1736
6
17499
0
4610
14
7254
23
208
1
456
1
17509
0
17511
0
17513
0
2796
11
17517
0
856
3
2654
11
744
3
700
2
2654
11
17529
0
17531
0
510
1
2528
10
686
2
8430
27
5034
16
17543
0
4156
13
17547
0
6256
22
17551
0
1926
6
17555
0
8536
27
17559
0
17561
0
3410
11
17565
0
4208
13
1828
6
17571
0
3980
13
2880
11
4418
14
3690
12
1308
4
2126
6
17585
0
10218
34
554
1
1206
3
4558
14
17595
0
3686
12
5874
20
3642
12
1616
4
6710
23
17607
0
4122
13
14212
48
2492
8
922
3
9924
33
17619
0
10510
36
17623
0
1360
4
2416
7
2230
6
14790
49
1132
3
902
3
3638
12
10592
36
322
1
11142
39
17645
0
3270
11
17649
0
4214
13
5246
16
672
2
17657
0
11914
42
1406
4
3324
11
17665
0
228
1
2448
7
658
1
694
2
17675
0
636
1
836
2
532
1
252
1
244
1
1644
4
17689
0
17691
0
17693
0
5810
19
1476
4
17699
0
10270
34
1060
3
17705
0
3114
11
9240
30
800
2
17713
0
2080
6
17717
0
1650
4
300
1
6106
20
17725
0
838
2
1250
3
4338
13
17733
0
17735
0
1992
6
780
2
17741
0
454
1
2458
7
2142
6
12234
42
3190
11
3750
12
11940
42
10338
34
17759
0
10900
37
9142
30
17765
0
8728
27
17769
0
1094
3
17773
0
10542
35
17777
0
3752
12
3264
11
17783
0
17785
0
4362
13
820
2
17791
0
17793
0
17795
0
5002
14
17799
0
17801
0
17803
0
11076
37
17807
0
10216
34
17811
0
12414
42
17815
0
792
1
17819
0
12148
42
10834
37
17564
103
2438
6
17829
0
17831
0
1746
4
17835
0
17837
0
17839
0
17841
0
17843
0
17845
0
17847
0
4046
12
7204
23
1076
3
17855
0
4726
14
17859
0
3726
11
1474
3
3018
11
14582
48
3268
11
2710
7
17873
0
9244
30
17877
0
17879
0
2248
6
17883
0
708
1
17887
0
2776
8
2484
6
10028
32
1240
3
13618
45
17899
0
712
1
4344
13
732
1
3238
11
3406
11
5422
16
17913
0
9076
28
942
2
17919
0
928
2
1872
4
7474
23
17927
0
546
1
17931
0
686
1
3944
12
3940
12
6406
22
17941
0
6240
20
5554
16
2326
6
17949
0
17951
0
2352
6
7064
23
2310
6
17959
0
17961
0
17963
0
1702
4
17967
0
1642
4
9334
30
17973
0
698
1
842
1
872
1
17981
0
1030
2
17985
0
17987
0
3750
11
1150
2
3486
11
3600
11
3420
11
17999
0
18001
0
18003
0
18005
0
18007
0
7706
23
18011
0
18013
0
18015
0
3378
11
13058
44
18021
0
4206
12
822
1
502
1
1200
3
974
2
18033
0
542
1
18037
0
18039
0
3554
12
12088
42
560
1
18047
0
70
1
698
2
14180
47
602
1
912
2
18059
0
570
1
1518
4
2706
7
2534
7
398
1
886
2
90
1
14196
47
400
1
824
2
18081
0
7518
24
18085
0
2032
5
1170
3
18091
0
560
1
506
1
1164
3
14828
49
1750
5
424
1
16460
54
602
1
972
2
18111
0
432
1
18115
0
616
1
672
1
846
2
3682
12
17370
58
2036
5
18129
0
1266
3
18133
0
11276
38
1188
3
750
2
3780
12
900
2
2608
7
11162
38
18149
0
18151
0
3948
12
3140
11
3032
8
3024
8
2748
7
4688
14
18165
0
18167
0
1324
3
17490
58
966
2
7462
24
18177
0
18179
0
508
1
18183
0
2742
7
18187
0
2848
7
562
1
4932
14
18195
0
1376
3
1376
3
11878
40
952
2
17326
55
444
1
4684
14
424
1
18213
0
4208
13
240
1
476
1
11746
40
18223
0
18225
0
18227
0
18229
0
18231
0
2956
8
10694
35
3954
12
18239
0
18241
0
18243
0
18245
0
2602
7
18249
0
18251
0
670
1
1934
5
2718
7
18259
0
15318
50
346
1
18265
0
6616
21
2490
7
18271
0
1264
3
1584
5
2530
8
1840
5
78
1
11722
40
1266
3
10028
32
2486
7
2486
7
13654
46
12532
44
1896
5
264
1
372
2
902
3
946
3
252
1
414
2
18311
0
18313
0
13352
46
224
1
