1
10
83
101
102
103
104
105
416
601
602
603
609
701
836
837
838
841
1076
1079
1164
1192
1220
1305
1306
1307
1350
1405
1467
2240
2241
2242
2243
2321
2322
2323
2324
2325
2427
2444
2484
2505
2539
2665
2757
2778
2920
2925
3035
3036
3037
3038
3132
3220
3308
3310
3515
3793
3794
3874
3894
3905
3906
3919
4109
4136
4389
4390
4391
4392
4393
4675
4676
4694
4819
4886
4887
4948
4956
4981
4983
4998
5013
5014
5015
5018
5096
5175
5178
5196
5265
5312
5342
5343
5361
5372
5431
5432
5433
5434
5435
5436
5439
5451
5544
5546
5650
5651
5728
5729
5730
5731
5732
5733
5763
5819
5889
5891
5940
5941
5952
6003
6079
6207
6283
6299
6300
6352
6357
6465
6484
6485
6589
6799
6827
7120
7121
7123
7177
7178
7185
7314
7401
7461
7558
7559
7581
7582
7583
7584
7642
7659
7811
7821
7948
7972
8031
8032
8033
8034
8094
8121
8297
8806
9068
9069
9070
9071
9072
9073
9074
9075
9077
9085
9126
9133
9134
9135
9136
9137
9138
9139
9140
9141
9142
9144
9146
9169
9252
9253
9254
9256
9266
9320
9499
9500
9534
9554
9555
9556
9568
9587
9588
9602
9603
9604
9700
9732
9733
9759
9760
9761
9829
9830
9831
9833
9834
9850
9865
9897
9907
9908
9909
9910
10001
10002
10003
10006
10007
10060
10065
10395
10567
10601
10602
10603
10604
10605
10606
10720
10721
10722
10723
10801
10802
10803
10852
10853
10854
10855
10856
10857
10858
10859
10860
10940
10941
10942
10943
10966
10967
10968
10969
10970
11051
11052
11053
11060
11068
11069
11487
11528
11666
11667
11744
11745
11746
11865
11914
11915
11928
11967
11968
11969
11970
11983
11984
11985
11986
11987
11988
12350
12351
12452
12499
12500
12611
12618
12638
12639
12691
12692
12693
12752
12781
12782
12872
12924
12926
12957
13064
13065
13066
13067
13080
13081
13089
13187
13205
13206
13207
13208
13209
13210
13211
13241
13269
13270
13286
13287
13289
13386
13387
13461
13496
13497
13498
13521
13522
13548
13574
13575
13576
13578
13579
13580
13581
13582
13583
13584
13585
13601
13602
13621
13622
13623
13624
13625
13626
13627
13628
13629
13630
13631
13632
13634
13635
13636
13637
13818
13848
13849
13850
13979
14047
14048
14049
14051
14052
14053
14054
14055
14110
14111
14126
14127
14140
14151
14161
14219
14220
14236
14250
14251
14252
14397
14398
14399
14450
14536
14537
14538
14539
14541
14542
14544
14546
14599
14600
14617
14675
14686
14794
14978
14979
14980
15060
15186
15187
15188
15189
15190
15191
15192
15193
15194
15288
15289
15290
15291
15292
15359
15360
15361
15362
15363
15364
15365
15366
15367
15477
15485
15493
15495
15496
15599
15600
15701
15748
15749
15750
15751
15765
15803
15804
15856
15960
15961
15962
15963
15991
15992
15993
15994
15995
16170
16171
16172
16173
16174
16195
16251
16252
16342
16343
16393
16394
16395
16396
16586
16587
16701
16702
16703
16704
16705
16706
16770
16793
16804
16878
16879
16880
16883
16888
16889
16890
16891
16969
16970
16971
16972
16977
16983
16984
16985
17002
17161
17162
17197
17198
17368
17369
17370
17371
17372
17373
17427
17428
17430
17431
17520
17521
17522
17623
17634
17718
17763
17838
17839
17840
17841
17842
17862
17909
17977
17978
18043
18044
18148
18149
18150
18151
18158
18274
18275
18276
18277
18354
18409
18410
18459
18460
18492
18540
18541
18546
18555
18562
18563
18564
18565
18699
18700
18714
18729
18937
18938
18962
18963
18964
18965
19031
19047
19153
19172
19210
19211
19212
19213
19214
19219
19224
19428
19429
19430
19431
19444
19457
19458
19459
19460
19492
19532
19646
19647
19648
19649
19651
19668
19678
19713
19714
19804
19805
19823
19824
19860
19897
19974
19975
19976
19977
19986
20032
20033
20034
20035
20089
20090
20091
20213
20264
20273
20274
20283
20284
20388
20458
20505
20739
20840
20882
20883
20890
20891
20944
20945
20961
21022
21023
21036
21365
21393
21394
21513
21514
21515
21527
21626
21628
21629
21630
21779
21780
21781
21782
21783
22134
22200
22292
22352
22353
22533
22562
22569
22570
22588
22614
22732
22785
22786
22830
22838
22956
23024
23025
23031
23032
23145
23146
23147
23148
23149
23150
23151
23301
23303
23304
23337
23375
23376
23377
23398
23488
23489
23549
23550
23551
23635
23636
23755
24048
24153
24581
24582
24680
24889
24890
25152
25199
25200
25502
25503
25504
25599
25600
25642
25753
25754
25755
25757
25758
25760
25843
25925
26062
26063
26064
26065
26072
26153
26154
26155
26156
26160
26161
26162
26251
26298
26301
26329
26388
26457
26471
26472
26568
26569
26612
26613
26614
26624
26625
26626
26627
26628
26629
26630
26631
26632
26633
26634
26640
26641
26656
26657
26658
26662
26664
26701
26702
26760
26761
26762
26763
26772
26773
26796
26797
26798
26799
26800
26887
26888
26889
26890
26891
26892
26956
26957
26958
26959
26960
26961
26962
26963
26964
26971
26981
26982
27089
27090
27091
27092
27093
27113
27265
27266
27360
27398
27399
27416
27443
27444
27452
27453
27454
27455
27458
27646
27647
27648
27649
27650
27651
27653
27725
27726
27727
27728
27729
27730
27731
27732
27901
27902
28050
28051
28052
28053
28054
28055
28056
28281
28282
28283
28284
28285
28286
28297
28308
28386
28387
28388
28389
28390
28391
28392
28393
28394
28395
28396
28410
28411
28412
28413
28414
28497
28498
28499
28500
28658
28753
28755
28756
28757
28758
28832
28833
28834
28835
28836
28837
28838
28839
29063
29064
29065
29077
29165
29166
29225
29332
29335
29336
29405
29408
29496
29497
29498
29560
29599
29600
29605
29606
29691
29692
29693
29694
29706
29822
29823
29824
29825
29970
29971
29972
29973
29974
29975
29976
29977
29993
30022
30034
30035
30036
30037
30066
30067
30070
30071
30104
30108
30109
30110
30111
30112
30113
30116
30117
30118
30186
30264
30285
30315
30316
30411
30573
30574
30605
30701
30702
30737
30799
30865
30866
30867
30868
30869
30870
30871
30892
30893
30896
30904
30905
31057
31058
31059
31060
31061
31062
31063
31073
31107
31119
31120
31121
31123
31124
31362
31363
31364
31365
31366
31409
31412
31413
31414
31415
31456
31458
31459
